0.000000000000000000e+00,5.202630309905445394e+00,4.864896638454441202e-02
1.000000000000000000e+00,5.202630309905445394e+00,4.864896638454441202e-02
2.000000000000000000e+00,5.202632981927253653e+00,4.864671314096682964e-02
3.000000000000000000e+00,5.202631269538673386e+00,4.864874037165956705e-02
4.000000000000000000e+00,5.202623942855479910e+00,4.865561497861561197e-02
5.000000000000000000e+00,5.202610099195248416e+00,4.866631216365022855e-02
6.000000000000000000e+00,5.202589834759520748e+00,4.867846789649415279e-02
7.000000000000000000e+00,5.202581442684542701e+00,4.868252470170433138e-02
8.000000000000000000e+00,5.202580578140728385e+00,4.868281265226210436e-02
9.000000000000000000e+00,5.202580609253005584e+00,4.868257263243767896e-02
1.000000000000000000e+01,5.202581409449589245e+00,4.868188626979361860e-02
1.100000000000000000e+01,5.202582445657861321e+00,4.868101787397647456e-02
1.200000000000000000e+01,5.202587896294218694e+00,4.867601054039531749e-02
1.300000000000000000e+01,5.202594458691799595e+00,4.866984958061978950e-02
1.400000000000000000e+01,5.202597286359723405e+00,4.866718494309429932e-02
1.500000000000000000e+01,5.202595027122830729e+00,4.866973984448592916e-02
1.600000000000000000e+01,5.202587063606159745e+00,4.867707490452263114e-02
1.700000000000000000e+01,5.202572505357551336e+00,4.868806255103915598e-02
1.800000000000000000e+01,5.202551696070839782e+00,4.870016441403891144e-02
1.900000000000000000e+01,5.202543255983184345e+00,4.870407976758579088e-02
2.000000000000000000e+01,5.202542469683744564e+00,4.870431616071087266e-02
2.100000000000000000e+01,5.202542597997419804e+00,4.870402189902741513e-02
2.200000000000000000e+01,5.202543449598630687e+00,4.870330243226820427e-02
2.300000000000000000e+01,5.202544482318780972e+00,4.870243232519329279e-02
2.400000000000000000e+01,5.202551770671087539e+00,4.869583084895326430e-02
2.500000000000000000e+01,5.202559021342893608e+00,4.868840944524007591e-02
2.600000000000000000e+01,5.202561333881515537e+00,4.868629751471815342e-02
2.700000000000000000e+01,5.202558519998357944e+00,4.868937633263670239e-02
2.800000000000000000e+01,5.202549907558034370e+00,4.869716112482628395e-02
2.900000000000000000e+01,5.202534634010013370e+00,4.870841269563000453e-02
3.000000000000000000e+01,5.202513325289921831e+00,4.872041509299810530e-02
3.100000000000000000e+01,5.202510382480894258e+00,4.872178890533535034e-02
3.200000000000000000e+01,5.202509679918236429e+00,4.872197218684973241e-02
3.300000000000000000e+01,5.202509903364516575e+00,4.872162473999928217e-02
3.400000000000000000e+01,5.202510800004355396e+00,4.872087526339614200e-02
3.500000000000000000e+01,5.202511824900104997e+00,4.872000647327819761e-02
3.600000000000000000e+01,5.202518802289867850e+00,4.871366792213126934e-02
3.700000000000000000e+01,5.202525545337749691e+00,4.870679119034896504e-02
3.800000000000000000e+01,5.202527340101953612e+00,4.870523129213864821e-02
3.900000000000000000e+01,5.202523962897907417e+00,4.870882996907606455e-02
4.000000000000000000e+01,5.202514689254598146e+00,4.871705260725818498e-02
4.100000000000000000e+01,5.202498702220669458e+00,4.872853938636795973e-02
4.200000000000000000e+01,5.202476945899968008e+00,4.874039509620103211e-02
4.300000000000000000e+01,5.202473890152464975e+00,4.874174888808987388e-02
4.400000000000000000e+01,5.202473387521810544e+00,4.874181143843331343e-02
4.500000000000000000e+01,5.202473808397415134e+00,4.874135244318248544e-02
4.600000000000000000e+01,5.202474781212802490e+00,4.874054854832406136e-02
4.700000000000000000e+01,5.202475775292289661e+00,4.873969275046546867e-02
4.800000000000000000e+01,5.202485164953512431e+00,4.873090415723596580e-02
4.900000000000000000e+01,5.202491397856125133e+00,4.872457646884835458e-02
5.000000000000000000e+01,5.202492672168766319e+00,4.872356708970156103e-02
5.100000000000000000e+01,5.202488722739253113e+00,4.872768066706053419e-02
5.200000000000000000e+01,5.202478776423444806e+00,4.873632761008416664e-02
5.300000000000000000e+01,5.202462081720643283e+00,4.874801853795213136e-02
5.400000000000000000e+01,5.202439937281525317e+00,4.875967922222263634e-02
5.500000000000000000e+01,5.202436911589751745e+00,4.876095512463968218e-02
5.600000000000000000e+01,5.202436505025583635e+00,4.876096162860065614e-02
5.700000000000000000e+01,5.202437009012285785e+00,4.876045492882451204e-02
5.800000000000000000e+01,5.202438006837919460e+00,4.875963160206169683e-02
5.900000000000000000e+01,5.202438981994820466e+00,4.875878593449398807e-02
6.000000000000000000e+01,5.202447948830035251e+00,4.875038055271092158e-02
6.100000000000000000e+01,5.202453670074295822e+00,4.874460524695781866e-02
6.200000000000000000e+01,5.202454420960263448e+00,4.874414441184381913e-02
6.300000000000000000e+01,5.202449889803840932e+00,4.874876720811283787e-02
6.400000000000000000e+01,5.202439259619980660e+00,4.875782330154682792e-02
6.500000000000000000e+01,5.202421866187815880e+00,4.876968505050812558e-02
6.600000000000000000e+01,5.202403025402933423e+00,4.877952880411273728e-02
6.700000000000000000e+01,5.202401933543378654e+00,4.877997931135161919e-02
6.800000000000000000e+01,5.202401625473710212e+00,4.877992933497383304e-02
6.900000000000000000e+01,5.202402207672579770e+00,4.877937710295190965e-02
7.000000000000000000e+01,5.202403224579963847e+00,4.877853770409332906e-02
7.100000000000000000e+01,5.202405496862128054e+00,4.877713314560171848e-02
7.200000000000000000e+01,5.202412290469656142e+00,4.877044003292581309e-02
7.300000000000000000e+01,5.202417498381803007e+00,4.876522037219366279e-02
7.400000000000000000e+01,5.202417721820538965e+00,4.876530615713144806e-02
7.500000000000000000e+01,5.202412598436999325e+00,4.877043223313929504e-02
7.600000000000000000e+01,5.202401273613905808e+00,4.877988104606750808e-02
7.700000000000000000e+01,5.202383194688575685e+00,4.879187816684538853e-02
7.800000000000000000e+01,5.202364079186005519e+00,4.880150355623580349e-02
7.900000000000000000e+01,5.202363045079754222e+00,4.880190874710452209e-02
8.000000000000000000e+01,5.202362836919667721e+00,4.880180222298168696e-02
8.100000000000000000e+01,5.202363491904558046e+00,4.880120691650355336e-02
8.200000000000000000e+01,5.202364650736260643e+00,4.880024540120639354e-02
8.300000000000000000e+01,5.202369592063314840e+00,4.879610276154939391e-02
8.400000000000000000e+01,5.202377969938670077e+00,4.878750569586137731e-02
8.500000000000000000e+01,5.202381424219253425e+00,4.878417707299902845e-02
8.600000000000000000e+01,5.202379822079705285e+00,4.878609607940861959e-02
8.700000000000000000e+01,5.202372611502888766e+00,4.879287384756043899e-02
8.800000000000000000e+01,5.202358880396885432e+00,4.880350811486438428e-02
8.900000000000000000e+01,5.202338668751364636e+00,4.881567097068086752e-02
9.000000000000000000e+01,5.202330261034296299e+00,4.881975493109297348e-02
9.100000000000000000e+01,5.202329377970164259e+00,4.882005294737906675e-02
9.200000000000000000e+01,5.202329390262362629e+00,4.881982331734255331e-02
9.300000000000000000e+01,5.202330183495223359e+00,4.881914308527720431e-02
9.400000000000000000e+01,5.202331223912829650e+00,4.881827480936429264e-02
9.500000000000000000e+01,5.202336730789198782e+00,4.881323415302716434e-02
9.600000000000000000e+01,5.202343396636732287e+00,4.880698949451891394e-02
9.700000000000000000e+01,5.202346332758215119e+00,4.880421871585071542e-02
9.800000000000000000e+01,5.202344179494684084e+00,4.880667043635126406e-02
9.900000000000000000e+01,5.202336327428662699e+00,4.881391467099226167e-02
1.000000000000000000e+02,5.202321873390776119e+00,4.882484726623238791e-02
1.010000000000000000e+02,5.202301100971720160e+00,4.883696485831316714e-02
1.020000000000000000e+02,5.202292638241420519e+00,4.884090990431474294e-02
1.030000000000000000e+02,5.202291833366115448e+00,4.884115618833977102e-02
1.040000000000000000e+02,5.202291944492190012e+00,4.884087161628855589e-02
1.050000000000000000e+02,5.202292790934637701e+00,4.884015739932465183e-02
1.060000000000000000e+02,5.202293828558824274e+00,4.883928684576728518e-02
1.070000000000000000e+02,5.202301194531702144e+00,4.883263693733082972e-02
1.080000000000000000e+02,5.202308558607510847e+00,4.882511658843325525e-02
1.090000000000000000e+02,5.202310974507725838e+00,4.882290319730109990e-02
1.100000000000000000e+02,5.202308262332120847e+00,4.882588388166862053e-02
1.110000000000000000e+02,5.202299756419484389e+00,4.883358391524173642e-02
1.120000000000000000e+02,5.202284578123858694e+00,4.884478825764702881e-02
1.130000000000000000e+02,5.202263289940415092e+00,4.885681447345679301e-02
1.140000000000000000e+02,5.202254804431203361e+00,4.886060096074265613e-02
1.150000000000000000e+02,5.202254083311522059e+00,4.886079394866062880e-02
1.160000000000000000e+02,5.202254291213626480e+00,4.886045551201485815e-02
1.170000000000000000e+02,5.202255184387401421e+00,4.885971046052745015e-02
1.180000000000000000e+02,5.202256214807029266e+00,4.885884071869719264e-02
1.190000000000000000e+02,5.202263267762934795e+00,4.885245395113884531e-02
1.200000000000000000e+02,5.202270119695587169e+00,4.884548153674918292e-02
1.210000000000000000e+02,5.202272013487790225e+00,4.884382430703731320e-02
1.220000000000000000e+02,5.202268734245611981e+00,4.884732934584209291e-02
1.230000000000000000e+02,5.202259562297499862e+00,4.885547286511848081e-02
1.240000000000000000e+02,5.202243660961162419e+00,4.886691993459547911e-02
1.250000000000000000e+02,5.202221907771693132e+00,4.887880717953236448e-02
1.260000000000000000e+02,5.202218837513800764e+00,4.888017437638494250e-02
1.270000000000000000e+02,5.202218316538669285e+00,4.888024641002716025e-02
1.280000000000000000e+02,5.202218725014263079e+00,4.887979522976995672e-02
1.290000000000000000e+02,5.202219697244641949e+00,4.887899427615286646e-02
1.300000000000000000e+02,5.202220697749748268e+00,4.887813660839439994e-02
1.310000000000000000e+02,5.202226869383848928e+00,4.887282974665120572e-02
1.320000000000000000e+02,5.202233241534957031e+00,4.886643237956202201e-02
1.330000000000000000e+02,5.202234610374349977e+00,4.886533009431249380e-02
1.340000000000000000e+02,5.202230754790546641e+00,4.886935476273040341e-02
1.350000000000000000e+02,5.202220904520566513e+00,4.887792843013042537e-02
1.360000000000000000e+02,5.202204284624079023e+00,4.888958712382096561e-02
1.370000000000000000e+02,5.202182124956602038e+00,4.890128633117228618e-02
1.380000000000000000e+02,5.202179082629214690e+00,4.890257624258869534e-02
1.390000000000000000e+02,5.202178658449050808e+00,4.890259181598455296e-02
1.400000000000000000e+02,5.202179151916062061e+00,4.890209214955116429e-02
1.410000000000000000e+02,5.202180150481199306e+00,4.890127104528692314e-02
1.420000000000000000e+02,5.202181132321006096e+00,4.890042320406505494e-02
1.430000000000000000e+02,5.202190193759169468e+00,4.889195468022410063e-02
1.440000000000000000e+02,5.202196013441180433e+00,4.888609180454018405e-02
1.450000000000000000e+02,5.202196853849244462e+00,4.888554291146802316e-02
1.460000000000000000e+02,5.202192411928875160e+00,4.889008202270185566e-02
1.470000000000000000e+02,5.202181871587433726e+00,4.889907115509376651e-02
1.480000000000000000e+02,5.202164541853187885e+00,4.891090817614990316e-02
1.490000000000000000e+02,5.202145686237741096e+00,4.892078494690431378e-02
1.500000000000000000e+02,5.202144581249555699e+00,4.892124253117986765e-02
1.510000000000000000e+02,5.202144256597264871e+00,4.892120112211625904e-02
1.520000000000000000e+02,5.202144830121294028e+00,4.892065512459525117e-02
1.530000000000000000e+02,5.202145848838696018e+00,4.891981729194846279e-02
1.540000000000000000e+02,5.202148139533633753e+00,4.891840864738698780e-02
1.550000000000000000e+02,5.202155003123889898e+00,4.891166739190545149e-02
1.560000000000000000e+02,5.202160303838832434e+00,4.890636460020444942e-02
1.570000000000000000e+02,5.202160611865767947e+00,4.890636716410783763e-02
1.580000000000000000e+02,5.202155572994825228e+00,4.891141478637312662e-02
1.590000000000000000e+02,5.202144331401736821e+00,4.892080294614156721e-02
1.600000000000000000e+02,5.202126304530043654e+00,4.893278257058947950e-02
1.610000000000000000e+02,5.202107160577564393e+00,4.894244582097730806e-02
1.620000000000000000e+02,5.202106032199541374e+00,4.894287556843870957e-02
1.630000000000000000e+02,5.202105929545422391e+00,4.894270961059369457e-02
1.640000000000000000e+02,5.202106657727214589e+00,4.894207133505585477e-02
1.650000000000000000e+02,5.202107699845722522e+00,4.894120895309701791e-02
1.660000000000000000e+02,5.202112683577203356e+00,4.893704546394841981e-02
1.670000000000000000e+02,5.202121157328929435e+00,4.892837306672038339e-02
1.680000000000000000e+02,5.202124696199306619e+00,4.892496555266683672e-02
1.690000000000000000e+02,5.202123173213947460e+00,4.892680678732135025e-02
1.700000000000000000e+02,5.202116042525028128e+00,4.893351427750789601e-02
1.710000000000000000e+02,5.202102383196140600e+00,4.894410248930988055e-02
1.720000000000000000e+02,5.202082192526739313e+00,4.895626976165658867e-02
1.730000000000000000e+02,5.202073765822055051e+00,4.896037294823846892e-02
1.740000000000000000e+02,5.202072868528843763e+00,4.896067808939529031e-02
1.750000000000000000e+02,5.202072867501700060e+00,4.896045571977795247e-02
1.760000000000000000e+02,5.202073656819381497e+00,4.895977966882725241e-02
1.770000000000000000e+02,5.202074701387059186e+00,4.895891136175740954e-02
1.780000000000000000e+02,5.202079484425436107e+00,4.895489156470528985e-02
1.790000000000000000e+02,5.202087447940445308e+00,4.894675818753197599e-02
1.800000000000000000e+02,5.202090463005272447e+00,4.894391342179607585e-02
1.810000000000000000e+02,5.202088383893812562e+00,4.894629247416364820e-02
1.820000000000000000e+02,5.202080606086471271e+00,4.895347210667487514e-02
1.830000000000000000e+02,5.202066215114537151e+00,4.896436523722693529e-02
1.840000000000000000e+02,5.202045450018805361e+00,4.897649334546846922e-02
1.850000000000000000e+02,5.202036963071300590e+00,4.898045902331052415e-02
1.860000000000000000e+02,5.202036144269095885e+00,4.898071214576980165e-02
1.870000000000000000e+02,5.202036243663616055e+00,4.898043416468599032e-02
1.880000000000000000e+02,5.202037087670344562e+00,4.897972340316709278e-02
1.890000000000000000e+02,5.202038129881753292e+00,4.897885242132932193e-02
1.900000000000000000e+02,5.202045556111380087e+00,4.897216909855710981e-02
1.910000000000000000e+02,5.202053004747278386e+00,4.896458134614572327e-02
1.920000000000000000e+02,5.202055494309258954e+00,4.896229863597413579e-02
1.930000000000000000e+02,5.202052851503682795e+00,4.896521148676226398e-02
1.940000000000000000e+02,5.202044414179605170e+00,4.897285234451955599e-02
1.950000000000000000e+02,5.202029289931626721e+00,4.898402348537524847e-02
1.960000000000000000e+02,5.202007995322420975e+00,4.899606570402741113e-02
1.970000000000000000e+02,5.201999480622353289e+00,4.899987392429650673e-02
1.980000000000000000e+02,5.201998746022083786e+00,4.900007342811541627e-02
1.990000000000000000e+02,5.201998943788253449e+00,4.899974092138690424e-02
2.000000000000000000e+02,5.201999835857916032e+00,4.899899865775446395e-02
2.010000000000000000e+02,5.202000871188011466e+00,4.899812815973510205e-02
2.020000000000000000e+02,5.202007981215046151e+00,4.899170913848855530e-02
2.030000000000000000e+02,5.202014912095175525e+00,4.898467347249452902e-02
2.040000000000000000e+02,5.202016874338534436e+00,4.898295159146060646e-02
2.050000000000000000e+02,5.202013659619614927e+00,4.898639361850740809e-02
2.060000000000000000e+02,5.202004550280712181e+00,4.899448336693650735e-02
2.070000000000000000e+02,5.201988693514109308e+00,4.900590328474658391e-02
2.080000000000000000e+02,5.201966920282433904e+00,4.901781133240998983e-02
2.090000000000000000e+02,5.201963837098796617e+00,4.901918745793829024e-02
2.100000000000000000e+02,5.201963303314625087e+00,4.901926567944305674e-02
2.110000000000000000e+02,5.201963704307121183e+00,4.901881946378796456e-02
2.120000000000000000e+02,5.201964677528272851e+00,4.901802023980340178e-02
2.130000000000000000e+02,5.201965683415608055e+00,4.901716124659745433e-02
2.140000000000000000e+02,5.201971901364306206e+00,4.901183167165826249e-02
2.150000000000000000e+02,5.201978347160507887e+00,4.900537554479331842e-02
2.160000000000000000e+02,5.201979779303086637e+00,4.900421326192176685e-02
2.170000000000000000e+02,5.201975983304806483e+00,4.900817972171013504e-02
2.180000000000000000e+02,5.201966189333090185e+00,4.901670498111305313e-02
2.190000000000000000e+02,5.201949604106459013e+00,4.902834230603499849e-02
2.200000000000000000e+02,5.201927411110063737e+00,4.904006636997777085e-02
2.210000000000000000e+02,5.201924354700890873e+00,4.904136534500915662e-02
2.220000000000000000e+02,5.201923918681484516e+00,4.904138663856175140e-02
2.230000000000000000e+02,5.201924406262643963e+00,4.904089126366316387e-02
2.240000000000000000e+02,5.201925406716650713e+00,4.904007136597435951e-02
2.250000000000000000e+02,5.201926393941814553e+00,4.903922205050602334e-02
2.260000000000000000e+02,5.201935524076117368e+00,4.903071365400300807e-02
2.270000000000000000e+02,5.201941411429032769e+00,4.902479620773805141e-02
2.280000000000000000e+02,5.201942310040540640e+00,4.902419194853755574e-02
2.290000000000000000e+02,5.201937922646830081e+00,4.902867763203885149e-02
2.300000000000000000e+02,5.201927431939610713e+00,4.903762365479986257e-02
2.310000000000000000e+02,5.201910126606928308e+00,4.904944476509530416e-02
2.320000000000000000e+02,5.201891240628628843e+00,4.905934242600806794e-02
2.330000000000000000e+02,5.201890125875643811e+00,4.905980444314649025e-02
2.340000000000000000e+02,5.201889790496623256e+00,4.905976825109077677e-02
2.350000000000000000e+02,5.201890359666369257e+00,4.905922589011676299e-02
2.360000000000000000e+02,5.201891381013406424e+00,4.905838880416662356e-02
2.370000000000000000e+02,5.201893685256495203e+00,4.905697746631419720e-02
2.380000000000000000e+02,5.201900599055337970e+00,4.905020672504549484e-02
2.390000000000000000e+02,5.201905961834881964e+00,4.904485382948593764e-02
2.400000000000000000e+02,5.201906322997892573e+00,4.904480563281898159e-02
2.410000000000000000e+02,5.201901333444323150e+00,4.904980458271083338e-02
2.420000000000000000e+02,5.201890134453846848e+00,4.905915483985628933e-02
2.430000000000000000e+02,5.201866683039007455e+00,4.907416382021202034e-02
2.440000000000000000e+02,5.201852777197638389e+00,4.908088500334557847e-02
2.450000000000000000e+02,5.201851797434493996e+00,4.908124475034292972e-02
2.460000000000000000e+02,5.201851685857813656e+00,4.908108337473480326e-02
2.470000000000000000e+02,5.201852412066148013e+00,4.908044778976822231e-02
2.480000000000000000e+02,5.201853457870279307e+00,4.907958545285395074e-02
2.490000000000000000e+02,5.201858472173179315e+00,4.907540937683334964e-02
2.500000000000000000e+02,5.201867011714624844e+00,4.906669305229828526e-02
2.510000000000000000e+02,5.201870604431245049e+00,4.906323967827525695e-02
2.520000000000000000e+02,5.201869128276784160e+00,4.906503485601176190e-02
2.530000000000000000e+02,5.201862040324146008e+00,4.907170003531565600e-02
2.540000000000000000e+02,5.201848411269153871e+00,4.908226049777243694e-02
2.550000000000000000e+02,5.201828209435906736e+00,4.909443056015475038e-02
2.560000000000000000e+02,5.201819760550133509e+00,4.909854521509017522e-02
2.570000000000000000e+02,5.201818853540092213e+00,4.909885446967774542e-02
2.580000000000000000e+02,5.201818844990292234e+00,4.909863610637492382e-02
2.590000000000000000e+02,5.201819633579879643e+00,4.909796216872171909e-02
2.600000000000000000e+02,5.201820682165260834e+00,4.909709362317468684e-02
2.610000000000000000e+02,5.201825493571385906e+00,4.909306197151739465e-02
2.620000000000000000e+02,5.201833517265266771e+00,4.908488877161792940e-02
2.630000000000000000e+02,5.201836580809988675e+00,4.908200270076298194e-02
2.640000000000000000e+02,5.201834543460426730e+00,4.908434024424249836e-02
2.650000000000000000e+02,5.201826802410458583e+00,4.909148232356284197e-02
2.660000000000000000e+02,5.201812433143770065e+00,4.910235259596105323e-02
2.670000000000000000e+02,5.201791645593772273e+00,4.911448700471893192e-02
2.680000000000000000e+02,5.201783132851927505e+00,4.911846451931509844e-02
2.690000000000000000e+02,5.201782304889960074e+00,4.911872140526046815e-02
2.700000000000000000e+02,5.201782398196812096e+00,4.911844684724445825e-02
2.710000000000000000e+02,5.201783242582965983e+00,4.911773766767445204e-02
2.720000000000000000e+02,5.201784289017348684e+00,4.911686622895408000e-02
2.730000000000000000e+02,5.201791757196706278e+00,4.911016453613844396e-02
2.740000000000000000e+02,5.201799260336099628e+00,4.910254121697471552e-02
2.750000000000000000e+02,5.201801793066776369e+00,4.910022174147332663e-02
2.760000000000000000e+02,5.201799186874364267e+00,4.910309759558906251e-02
2.770000000000000000e+02,5.201790780041530837e+00,4.911070558800155472e-02
2.780000000000000000e+02,5.201775668587662160e+00,4.912185848635527291e-02
2.790000000000000000e+02,5.201754340552548150e+00,4.913390981692936782e-02
2.800000000000000000e+02,5.201745796946303457e+00,4.913772988105592765e-02
2.810000000000000000e+02,5.201745053911081662e+00,4.913793275297871632e-02
2.820000000000000000e+02,5.201745247030166830e+00,4.913760308701190654e-02
2.830000000000000000e+02,5.201746272917680436e+00,4.913675384236991517e-02
2.840000000000000000e+02,5.201747298641796746e+00,4.913588713121914975e-02
2.850000000000000000e+02,5.201754328486851264e+00,4.912955520240892826e-02
2.860000000000000000e+02,5.201761308173169951e+00,4.912248834630004307e-02
2.870000000000000000e+02,5.201763308317700840e+00,4.912073421830989023e-02
2.880000000000000000e+02,5.201760124954481590e+00,4.912414372419292991e-02
2.890000000000000000e+02,5.201751039533092147e+00,4.913220520602102487e-02
2.900000000000000000e+02,5.201735186353210416e+00,4.914361116748901248e-02
2.910000000000000000e+02,5.201713369239050699e+00,4.915553037966712696e-02
2.920000000000000000e+02,5.201710274579358639e+00,4.915691113295817677e-02
2.930000000000000000e+02,5.201709733518434575e+00,4.915699228019231731e-02
2.940000000000000000e+02,5.201710132027228539e+00,4.915654816345067096e-02
2.950000000000000000e+02,5.201711107873039808e+00,4.915574941115110480e-02
2.960000000000000000e+02,5.201712118098558157e+00,4.915488959195597751e-02
2.970000000000000000e+02,5.201718366669907390e+00,4.914954892028751410e-02
2.980000000000000000e+02,5.201724855781463930e+00,4.914306613897646142e-02
2.990000000000000000e+02,5.201726320587669150e+00,4.914187609622300973e-02
3.000000000000000000e+02,5.201722550551750146e+00,4.914581446643971618e-02
3.010000000000000000e+02,5.201712773602215734e+00,4.915431594245209257e-02
3.020000000000000000e+02,5.201696182521156508e+00,4.916594321027116521e-02
3.030000000000000000e+02,5.201673935914850055e+00,4.917767968266217871e-02
3.040000000000000000e+02,5.201670867583007229e+00,4.917898300520251453e-02
3.050000000000000000e+02,5.201670425410094722e+00,4.917900673136340467e-02
3.060000000000000000e+02,5.201670911829606503e+00,4.917851290766951655e-02
3.070000000000000000e+02,5.201671915454012307e+00,4.917769315633101213e-02
3.080000000000000000e+02,5.201672906850822287e+00,4.917684301377203693e-02
3.090000000000000000e+02,5.201682080378812856e+00,4.916831741930144384e-02
3.100000000000000000e+02,5.201688005186473340e+00,4.916237774688826667e-02
3.110000000000000000e+02,5.201688931236802205e+00,4.916175017690139343e-02
3.120000000000000000e+02,5.201684564247910814e+00,4.916621215138972795e-02
3.130000000000000000e+02,5.201674083336622623e+00,4.917513872876021208e-02
3.140000000000000000e+02,5.201656762555322722e+00,4.918695323380475881e-02
3.150000000000000000e+02,5.201637828924535967e+00,4.919686064644301221e-02
3.160000000000000000e+02,5.201636707573999985e+00,4.919732453833587649e-02
3.170000000000000000e+02,5.201636367261861515e+00,4.919729026559719470e-02
3.180000000000000000e+02,5.201636936496496055e+00,4.919674893933961152e-02
3.190000000000000000e+02,5.201637961414277811e+00,4.919591173789700234e-02
3.200000000000000000e+02,5.201640274465578528e+00,4.919449900925963043e-02
3.210000000000000000e+02,5.201647219158695989e+00,4.918771699717396084e-02
3.220000000000000000e+02,5.201652613776475143e+00,4.918234640988014550e-02
3.230000000000000000e+02,5.201652281989236570e+00,4.918306780544865614e-02
3.240000000000000000e+02,5.201645846467571666e+00,4.918922763140552712e-02
3.250000000000000000e+02,5.201632949685310869e+00,4.919944041045867800e-02
3.260000000000000000e+02,5.201613336075428862e+00,4.921160076642682596e-02
3.270000000000000000e+02,5.201599387848236056e+00,4.921833018061654019e-02
3.280000000000000000e+02,5.201598401999613763e+00,4.921869150308554736e-02
3.290000000000000000e+02,5.201598287355020389e+00,4.921853144407536268e-02
3.300000000000000000e+02,5.201599015253190572e+00,4.921789629192651477e-02
3.310000000000000000e+02,5.201600064989662542e+00,4.921703356523000894e-02
3.320000000000000000e+02,5.201605098311854469e+00,4.921285292891587615e-02
3.330000000000000000e+02,5.201613674113159114e+00,4.920412348612923648e-02
3.340000000000000000e+02,5.201617290403468097e+00,4.920065670564322674e-02
3.350000000000000000e+02,5.201615829252053125e+00,4.920243698483023342e-02
3.360000000000000000e+02,5.201608747319636628e+00,4.920908743099246252e-02
3.370000000000000000e+02,5.201595107006407481e+00,4.921963850493396575e-02
3.380000000000000000e+02,5.201574860623884078e+00,4.923181043782858674e-02
3.390000000000000000e+02,5.201566385544960092e+00,4.923592921729137012e-02
3.400000000000000000e+02,5.201565473186628097e+00,4.923623964158943545e-02
3.410000000000000000e+02,5.201565462919899296e+00,4.923602206071975296e-02
3.420000000000000000e+02,5.201566254078091589e+00,4.923534815233370637e-02
3.430000000000000000e+02,5.201567306642238542e+00,4.923447912259131670e-02
3.440000000000000000e+02,5.201572134571578410e+00,4.923044411710508772e-02
3.450000000000000000e+02,5.201580188686113715e+00,4.922226230868604474e-02
3.460000000000000000e+02,5.201583270411230586e+00,4.921936730591227466e-02
3.470000000000000000e+02,5.201581242642294711e+00,4.922169422351958118e-02
3.480000000000000000e+02,5.201573500980311238e+00,4.922882568284658866e-02
3.490000000000000000e+02,5.201559111746759889e+00,4.923968994715732794e-02
3.500000000000000000e+02,5.201538270684288534e+00,4.925182711785693751e-02
3.510000000000000000e+02,5.201529729882494735e+00,4.925580799865034165e-02
3.520000000000000000e+02,5.201528897461420442e+00,4.925606561040848930e-02
3.530000000000000000e+02,5.201528990388938567e+00,4.925579130973118530e-02
3.540000000000000000e+02,5.201529838075308554e+00,4.925508181036023642e-02
3.550000000000000000e+02,5.201530888427682520e+00,4.925420985304929805e-02
3.560000000000000000e+02,5.201538380382769944e+00,4.924750462346215441e-02
3.570000000000000000e+02,5.201545908102996663e+00,4.923987728409276454e-02
3.580000000000000000e+02,5.201548453652597104e+00,4.923755331346232195e-02
3.590000000000000000e+02,5.201545851489945527e+00,4.924042275862777762e-02
3.600000000000000000e+02,5.201537437112850881e+00,4.924802411187005624e-02
3.610000000000000000e+02,5.201522296781481813e+00,4.925917398710077250e-02
3.620000000000000000e+02,5.201500906977407190e+00,4.927122817684594785e-02
3.630000000000000000e+02,5.201492334088141156e+00,4.927505048663782805e-02
3.640000000000000000e+02,5.201491558887642697e+00,4.927524130508459388e-02
3.650000000000000000e+02,5.201491866398057162e+00,4.927484860215485679e-02
3.660000000000000000e+02,5.201492811950944706e+00,4.927407375936273398e-02
3.670000000000000000e+02,5.201493841286066733e+00,4.927320659372309841e-02
3.680000000000000000e+02,5.201500890530702748e+00,4.926687359565942725e-02
3.690000000000000000e+02,5.201507888984846062e+00,4.925980735541832245e-02
3.700000000000000000e+02,5.201509896601949734e+00,4.925805312553690335e-02
3.710000000000000000e+02,5.201506711560690555e+00,4.926146037838716879e-02
3.720000000000000000e+02,5.201497611352097650e+00,4.926951904241089891e-02
3.730000000000000000e+02,5.201481720254327534e+00,4.928092451170677790e-02
3.740000000000000000e+02,5.201459834039551922e+00,4.929284583809410980e-02
3.750000000000000000e+02,5.201456729150303104e+00,4.929422701982060645e-02
3.760000000000000000e+02,5.201456186340667642e+00,4.929430785011150451e-02
3.770000000000000000e+02,5.201456587452911506e+00,4.929386295768079657e-02
3.780000000000000000e+02,5.201457567636170509e+00,4.929306339413024041e-02
3.790000000000000000e+02,5.201458581187230479e+00,4.929220322643609181e-02
3.800000000000000000e+02,5.201464844747815341e+00,4.928686294926966360e-02
3.810000000000000000e+02,5.201471346919956495e+00,4.928038539439314608e-02
3.820000000000000000e+02,5.201472813847935583e+00,4.927919959358310897e-02
3.830000000000000000e+02,5.201469036240959909e+00,4.928313979704689735e-02
3.840000000000000000e+02,5.201459236945553677e+00,4.929164208437365746e-02
3.850000000000000000e+02,5.201442598866310441e+00,4.930327087529916275e-02
3.860000000000000000e+02,5.201420276987243518e+00,4.931500783465288251e-02
3.870000000000000000e+02,5.201417198710961642e+00,4.931631087517519135e-02
3.880000000000000000e+02,5.201416756086613802e+00,4.931633375972396816e-02
3.890000000000000000e+02,5.201417246156659679e+00,4.931583873636977838e-02
3.900000000000000000e+02,5.201418254299221999e+00,4.931501804985131271e-02
3.910000000000000000e+02,5.201419248676312002e+00,4.931416771029699386e-02
3.920000000000000000e+02,5.201428440353454086e+00,4.930564743049565407e-02
3.930000000000000000e+02,5.201434372450067123e+00,4.929971768065028598e-02
3.940000000000000000e+02,5.201435295246415791e+00,4.929909864202898506e-02
3.950000000000000000e+02,5.201430914581632869e+00,4.930356645547279149e-02
3.960000000000000000e+02,5.201420403453577812e+00,4.931249724338590545e-02
3.970000000000000000e+02,5.201403026664695339e+00,4.932431470729559814e-02
3.980000000000000000e+02,5.201384026998558952e+00,4.933422112202006521e-02
3.990000000000000000e+02,5.201382902157805077e+00,4.933468435610706415e-02
4.000000000000000000e+02,5.201382562740615612e+00,4.933464871294413606e-02
4.010000000000000000e+02,5.201383136544323271e+00,4.933410580843530097e-02
4.020000000000000000e+02,5.201384166027440692e+00,4.933326761219861134e-02
4.030000000000000000e+02,5.201386483152076856e+00,4.933185477006458985e-02
4.040000000000000000e+02,5.201395256675573009e+00,4.932324197010536093e-02
4.050000000000000000e+02,5.201399404588569197e+00,4.931921806682217774e-02
4.060000000000000000e+02,5.201398491491048937e+00,4.932046042933031782e-02
4.070000000000000000e+02,5.201392032203131066e+00,4.932662934722202575e-02
4.080000000000000000e+02,5.201379090970871033e+00,4.933684883725163173e-02
4.090000000000000000e+02,5.201359405985641615e+00,4.934901131702242733e-02
4.100000000000000000e+02,5.201345407787136388e+00,4.935573722542938024e-02
4.110000000000000000e+02,5.201344419836483546e+00,4.935609730371550569e-02
4.120000000000000000e+02,5.201344308037066710e+00,4.935593529692263587e-02
4.130000000000000000e+02,5.201345041364990429e+00,4.935529830811987567e-02
4.140000000000000000e+02,5.201346095315999563e+00,4.935443474474222880e-02
4.150000000000000000e+02,5.201351136106346473e+00,4.935025753342402177e-02
4.160000000000000000e+02,5.201359718637559304e+00,4.934154566623102922e-02
4.170000000000000000e+02,5.201363328238448602e+00,4.933809777724487006e-02
4.180000000000000000e+02,5.201361850265463715e+00,4.933989415031880127e-02
4.190000000000000000e+02,5.201354737520610172e+00,4.934655734436777658e-02
4.200000000000000000e+02,5.201341043962554700e+00,4.935711745810095891e-02
4.210000000000000000e+02,5.201320718666637255e+00,4.936929058591935093e-02
4.220000000000000000e+02,5.201312212960127468e+00,4.937340626019726120e-02
4.230000000000000000e+02,5.201311299614508776e+00,4.937371492121479799e-02
4.240000000000000000e+02,5.201311293504222277e+00,4.937349489695653376e-02
4.250000000000000000e+02,5.201312090594639059e+00,4.937281892414997070e-02
4.260000000000000000e+02,5.201313147122684555e+00,4.937194915736007467e-02
4.270000000000000000e+02,5.201317979710874617e+00,4.936791927642143057e-02
4.280000000000000000e+02,5.201326034457062875e+00,4.935975998949027055e-02
4.290000000000000000e+02,5.201329104048868501e+00,4.935688829362193386e-02
4.300000000000000000e+02,5.201327053641530362e+00,4.935923532419918963e-02
4.310000000000000000e+02,5.201319273811347621e+00,4.936638301929147793e-02
4.320000000000000000e+02,5.201304822398912897e+00,4.937725818916474663e-02
4.330000000000000000e+02,5.201283895776228405e+00,4.938939477064623745e-02
4.340000000000000000e+02,5.201275324271365186e+00,4.939337062550733931e-02
4.350000000000000000e+02,5.201274492105286917e+00,4.939362593016179137e-02
4.360000000000000000e+02,5.201274590435064127e+00,4.939334871696540730e-02
4.370000000000000000e+02,5.201275444398148373e+00,4.939263698926090601e-02
4.380000000000000000e+02,5.201276498377091606e+00,4.939176444944241851e-02
4.390000000000000000e+02,5.201283995884160127e+00,4.938507050953386962e-02
4.400000000000000000e+02,5.201291518204839370e+00,4.937747063970458761e-02
4.410000000000000000e+02,5.201294046184084863e+00,4.937517433004037087e-02
4.420000000000000000e+02,5.201291415384806882e+00,4.937806783087925200e-02
4.430000000000000000e+02,5.201282955167179978e+00,4.938568870955945683e-02
4.440000000000000000e+02,5.201267743666950771e+00,4.939685083202294269e-02
4.450000000000000000e+02,5.201246262779751106e+00,4.940890174858773853e-02
4.460000000000000000e+02,5.201237523963541776e+00,4.941276925970996409e-02
4.470000000000000000e+02,5.201236886946643878e+00,4.941290427451999756e-02
4.480000000000000000e+02,5.201237201302673974e+00,4.941250826926594369e-02
4.490000000000000000e+02,5.201238152994902109e+00,4.941173131874024294e-02
4.500000000000000000e+02,5.201239185128474496e+00,4.941086401805063616e-02
4.510000000000000000e+02,5.201246235290974518e+00,4.940454533522143504e-02
4.520000000000000000e+02,5.201253222392654862e+00,4.939751148449893908e-02
4.530000000000000000e+02,5.201255206986752810e+00,4.939578920322164335e-02
4.540000000000000000e+02,5.201251987101075613e+00,4.939922436822965363e-02
4.550000000000000000e+02,5.201242833062710957e+00,4.940730561344791605e-02
4.560000000000000000e+02,5.201226861851217187e+00,4.941872408377070286e-02
4.570000000000000000e+02,5.201204880397717112e+00,4.943063851741640036e-02
4.580000000000000000e+02,5.201201766454143005e+00,4.943201593093920349e-02
4.590000000000000000e+02,5.201201227482669331e+00,4.943209319596197221e-02
4.600000000000000000e+02,5.201201636355965441e+00,4.943164464813136483e-02
4.610000000000000000e+02,5.201202622614126803e+00,4.943084299257511499e-02
4.620000000000000000e+02,5.201203638471598723e+00,4.942998296139766712e-02
4.630000000000000000e+02,5.201209901299950644e+00,4.942465461204754995e-02
4.640000000000000000e+02,5.201216386172810680e+00,4.941821415404153151e-02
4.650000000000000000e+02,5.201217824583639349e+00,4.941706452137473865e-02
4.660000000000000000e+02,5.201214005685383945e+00,4.942103639692875527e-02
4.670000000000000000e+02,5.201204144258793960e+00,4.942956404743572424e-02
4.680000000000000000e+02,5.201187417286292636e+00,4.944120593862977309e-02
4.690000000000000000e+02,5.201164997638610288e+00,4.945293142074910775e-02
4.700000000000000000e+02,5.201161911355361767e+00,4.945422953626411877e-02
4.710000000000000000e+02,5.201161474054076805e+00,4.945424829583221216e-02
4.720000000000000000e+02,5.201161972650293563e+00,4.945374931833812493e-02
4.730000000000000000e+02,5.201162986670746058e+00,4.945292662221610624e-02
4.740000000000000000e+02,5.201163982823793219e+00,4.945207672750751016e-02
4.750000000000000000e+02,5.201173167244876439e+00,4.944358436599027851e-02
4.760000000000000000e+02,5.201179076338768859e+00,4.943769669677884615e-02
4.770000000000000000e+02,5.201179965058084775e+00,4.943711797450513895e-02
4.780000000000000000e+02,5.201175536391115628e+00,4.944162110826592210e-02
4.790000000000000000e+02,5.201164954535762774e+00,4.945057972102414462e-02
4.800000000000000000e+02,5.201147480383629507e+00,4.946240966227045260e-02
4.810000000000000000e+02,5.201128395662744985e+00,4.947230422382305204e-02
4.820000000000000000e+02,5.201127270467562624e+00,4.947276425408428380e-02
4.830000000000000000e+02,5.201126937856181520e+00,4.947272393897089726e-02
4.840000000000000000e+02,5.201127637905279322e+00,4.947208174170364403e-02
4.850000000000000000e+02,5.201128688570382685e+00,4.947122639604251138e-02
4.860000000000000000e+02,5.201133929342072193e+00,4.946692082647589916e-02
4.870000000000000000e+02,5.201139631956748666e+00,4.946134896749309479e-02
4.880000000000000000e+02,5.201143748275060652e+00,4.945737181897937040e-02
4.890000000000000000e+02,5.201142792346713506e+00,4.945865736753605330e-02
4.900000000000000000e+02,5.201136272791932136e+00,4.946486337554648061e-02
4.910000000000000000e+02,5.201123244812340118e+00,4.947510934469336041e-02
4.920000000000000000e+02,5.201103451331685612e+00,4.948727570378157192e-02
4.930000000000000000e+02,5.201089395255325876e+00,4.949398622099175638e-02
4.940000000000000000e+02,5.201088409244908561e+00,4.949434221634516767e-02
4.950000000000000000e+02,5.201088306291486774e+00,4.949417498541423127e-02
4.960000000000000000e+02,5.201089048822827188e+00,4.949353389508504703e-02
4.970000000000000000e+02,5.201090107255262218e+00,4.949266906679915951e-02
4.980000000000000000e+02,5.201095143839896018e+00,4.948850335696639013e-02
4.990000000000000000e+02,5.201103703355399510e+00,4.947983989848214748e-02
5.000000000000000000e+02,5.201107275836431398e+00,4.947644322025317870e-02
5.010000000000000000e+02,5.201105748980279664e+00,4.947828665054570391e-02
5.020000000000000000e+02,5.201098568150912094e+00,4.948499003325122075e-02
5.030000000000000000e+02,5.201084778634659678e+00,4.949557753975988156e-02
5.040000000000000000e+02,5.201064339269270143e+00,4.950775098040531563e-02
5.050000000000000000e+02,5.201055798350923354e+00,4.951185619590547232e-02
5.060000000000000000e+02,5.201054888457594672e+00,4.951216013678975958e-02
5.070000000000000000e+02,5.201054892464985535e+00,4.951193443137874572e-02
5.080000000000000000e+02,5.201055698871093647e+00,4.951125430970375330e-02
5.090000000000000000e+02,5.201056759323360978e+00,4.951038357682402413e-02
5.100000000000000000e+02,5.201061584573358765e+00,4.950636740281223053e-02
5.110000000000000000e+02,5.201069609926867621e+00,4.949826192519134194e-02
5.120000000000000000e+02,5.201072636876901356e+00,4.949544581225807233e-02
5.130000000000000000e+02,5.201070531323630952e+00,4.949784368193318324e-02
5.140000000000000000e+02,5.201062675252699385e+00,4.950503443311592144e-02
5.150000000000000000e+02,5.201048118658764707e+00,4.951593731353580441e-02
5.160000000000000000e+02,5.201027073705538406e+00,4.952806965936067812e-02
5.170000000000000000e+02,5.201018468785583160e+00,4.953203192955945439e-02
5.180000000000000000e+02,5.201017641685339754e+00,4.953228186629277802e-02
5.190000000000000000e+02,5.201017751283194990e+00,4.953199855979405902e-02
5.200000000000000000e+02,5.201018614504769211e+00,4.953128270981788095e-02
5.210000000000000000e+02,5.201019671785657827e+00,4.953040955230342268e-02
5.220000000000000000e+02,5.201027156383691619e+00,4.952374192515507367e-02
5.230000000000000000e+02,5.201034643071273500e+00,4.951620118847570307e-02
5.240000000000000000e+02,5.201037122865921347e+00,4.951396474838588857e-02
5.250000000000000000e+02,5.201034430418983057e+00,4.951691277198188440e-02
5.260000000000000000e+02,5.201025885468786747e+00,4.952457930512584733e-02
5.270000000000000000e+02,5.201010559664945632e+00,4.953576879282801937e-02
5.280000000000000000e+02,5.200988957763460263e+00,4.954780991029585080e-02
5.290000000000000000e+02,5.200985820360305212e+00,4.954925195341130378e-02
5.300000000000000000e+02,5.200985191340351754e+00,4.954938068175830657e-02
5.310000000000000000e+02,5.200985518074669578e+00,4.954897833450316175e-02
5.320000000000000000e+02,5.200986477976341504e+00,4.954819780207904423e-02
5.330000000000000000e+02,5.200987511976061128e+00,4.954733073444209102e-02
5.340000000000000000e+02,5.200994543663183478e+00,4.954104225581962978e-02
5.350000000000000000e+02,5.201001488167122488e+00,4.953407330555219951e-02
5.360000000000000000e+02,5.201003418328587813e+00,4.953241564646321260e-02
5.370000000000000000e+02,5.201000129493310808e+00,4.953590945484961233e-02
5.380000000000000000e+02,5.200990881513736674e+00,4.954403910584997267e-02
5.390000000000000000e+02,5.200974787090342666e+00,4.955548407710133607e-02
5.400000000000000000e+02,5.200952684613294075e+00,4.956738189386745985e-02
5.410000000000000000e+02,5.200949563061393555e+00,4.956875116432459677e-02
5.420000000000000000e+02,5.200949033765270180e+00,4.956882153556412679e-02
5.430000000000000000e+02,5.200949455649006126e+00,4.956836641790389464e-02
5.440000000000000000e+02,5.200950449638629181e+00,4.956756141381122444e-02
5.450000000000000000e+02,5.200951466661186906e+00,4.956670205730981382e-02
5.460000000000000000e+02,5.200957712267777922e+00,4.956139757215023700e-02
5.470000000000000000e+02,5.200964148457547509e+00,4.955502672895665400e-02
5.480000000000000000e+02,5.200965526875250156e+00,4.955394572724401009e-02
5.490000000000000000e+02,5.200961632080297825e+00,4.955797959286745852e-02
5.500000000000000000e+02,5.200951667738308082e+00,4.956655747557910802e-02
5.510000000000000000e+02,5.200934809253164204e+00,4.957822390876644864e-02
5.520000000000000000e+02,5.200912270069772525e+00,4.958992510671071663e-02
5.530000000000000000e+02,5.200909178033688463e+00,4.959121346700926664e-02
5.540000000000000000e+02,5.200908752061923046e+00,4.959122474838666833e-02
5.550000000000000000e+02,5.200909264110013197e+00,4.959071904386417456e-02
5.560000000000000000e+02,5.200910285264206401e+00,4.958989330057289591e-02
5.570000000000000000e+02,5.200911281866972047e+00,4.958904454849554638e-02
5.580000000000000000e+02,5.200920432514386071e+00,4.958060333184192980e-02
5.590000000000000000e+02,5.200926287398312198e+00,4.957479045868438267e-02
5.600000000000000000e+02,5.200927110453402946e+00,4.957428428836788831e-02
5.610000000000000000e+02,5.200922598625629334e+00,4.957885261494807128e-02
5.620000000000000000e+02,5.200911904611917436e+00,4.958786287196351172e-02
5.630000000000000000e+02,5.200894291218360443e+00,4.959971453070997210e-02
5.640000000000000000e+02,5.200875103160115032e+00,4.960958560809240747e-02
5.650000000000000000e+02,5.200873887892018210e+00,4.961006363645673739e-02
5.660000000000000000e+02,5.200873691457190695e+00,4.960994725540292943e-02
5.670000000000000000e+02,5.200874376297915269e+00,4.960934185910207544e-02
5.680000000000000000e+02,5.200875432387880970e+00,4.960848442473982794e-02
5.690000000000000000e+02,5.200880660274365574e+00,4.960419602839230557e-02
5.700000000000000000e+02,5.200886327900155592e+00,4.959867303216905499e-02
5.710000000000000000e+02,5.200890381491980463e+00,4.959477540222732156e-02
5.720000000000000000e+02,5.200889350356679763e+00,4.959613567062885753e-02
5.730000000000000000e+02,5.200882733224470478e+00,4.960240703747281765e-02
5.740000000000000000e+02,5.200869575415818069e+00,4.961269924504482787e-02
5.750000000000000000e+02,5.200849636347424365e+00,4.962487065400223579e-02
5.760000000000000000e+02,5.200835515424426347e+00,4.963155322798630531e-02
5.770000000000000000e+02,5.200834535644348833e+00,4.963190222547874536e-02
5.780000000000000000e+02,5.200834447691964790e+00,4.963172645566620717e-02
5.790000000000000000e+02,5.200835203146794150e+00,4.963107902069531507e-02
5.800000000000000000e+02,5.200836266188520796e+00,4.963021255898401179e-02
5.810000000000000000e+02,5.200841286342495984e+00,4.962606671410803999e-02
5.820000000000000000e+02,5.200849792111001513e+00,4.961748304062734566e-02
5.830000000000000000e+02,5.200853296373097123e+00,4.961417023020316813e-02
5.840000000000000000e+02,5.200851687928292222e+00,4.961609194896706571e-02
5.850000000000000000e+02,5.200844400990495053e+00,4.962286313513136066e-02
5.860000000000000000e+02,5.200830472146235728e+00,4.963349625063385312e-02
5.870000000000000000e+02,5.200809883888322993e+00,4.964566840236602635e-02
5.880000000000000000e+02,5.200801303799397424e+00,4.964975538359027440e-02
5.890000000000000000e+02,5.200800402046035664e+00,4.965005157795952112e-02
5.900000000000000000e+02,5.200800422248498478e+00,4.964981693015547287e-02
5.910000000000000000e+02,5.200801241265176067e+00,4.964913061241445907e-02
5.920000000000000000e+02,5.200802305455823671e+00,4.964825875059773047e-02
5.930000000000000000e+02,5.200807898579934196e+00,4.964322233979780868e-02
5.940000000000000000e+02,5.200814631969320700e+00,4.963701211672843366e-02
5.950000000000000000e+02,5.200817585457060410e+00,4.963428387891269389e-02
5.960000000000000000e+02,5.200815391906639107e+00,4.963676325654860222e-02
5.970000000000000000e+02,5.200807421059869817e+00,4.964402373381537892e-02
5.980000000000000000e+02,5.200792715925619980e+00,4.965497071724007949e-02
5.990000000000000000e+02,5.200771520445300666e+00,4.966709435914178766e-02
6.000000000000000000e+02,5.200762880036777780e+00,4.967103410356033671e-02
6.010000000000000000e+02,5.200762063002406066e+00,4.967127557251347497e-02
6.020000000000000000e+02,5.200762189772354382e+00,4.967098300519401377e-02
6.030000000000000000e+02,5.200763065114578865e+00,4.967026120133459510e-02
6.040000000000000000e+02,5.200764125246259972e+00,4.966938746022424300e-02
6.050000000000000000e+02,5.200771577944922619e+00,4.966276147196399537e-02
6.060000000000000000e+02,5.200778998329004033e+00,4.965531166880894631e-02
6.070000000000000000e+02,5.200781399080995016e+00,4.965316724023849382e-02
6.080000000000000000e+02,5.200778611676736496e+00,4.965620011898789349e-02
6.090000000000000000e+02,5.200769942694536851e+00,4.966393819420606565e-02
6.100000000000000000e+02,5.200754459235993998e+00,4.967516963765305354e-02
6.110000000000000000e+02,5.200732707272345046e+00,4.968719351324159261e-02
6.120000000000000000e+02,5.200729561308114590e+00,4.968862500423415485e-02
6.130000000000000000e+02,5.200728945769363953e+00,4.968874425632201219e-02
6.140000000000000000e+02,5.200729290254585635e+00,4.968833265402192861e-02
6.150000000000000000e+02,5.200730260360016288e+00,4.968754716849906050e-02
6.160000000000000000e+02,5.200731295335222271e+00,4.968668073943668939e-02
6.170000000000000000e+02,5.200738290054819579e+00,4.968043800944095534e-02
6.180000000000000000e+02,5.200745162088625584e+00,4.967356541867894854e-02
6.190000000000000000e+02,5.200747007537176003e+00,4.967200380103117124e-02
6.200000000000000000e+02,5.200743616453936902e+00,4.967558567531377145e-02
6.210000000000000000e+02,5.200734234853978677e+00,4.968378828750902310e-02
6.220000000000000000e+02,5.200717974102088803e+00,4.969527218378377853e-02
6.230000000000000000e+02,5.200695724387576213e+00,4.970714308291566963e-02
6.240000000000000000e+02,5.200692596578104343e+00,4.970849984397372051e-02
6.250000000000000000e+02,5.200692082685786310e+00,4.970856007962437539e-02
6.260000000000000000e+02,5.200692522687580421e+00,4.970809559534881267e-02
6.270000000000000000e+02,5.200693526000757849e+00,4.970728608306549529e-02
6.280000000000000000e+02,5.200694543089017685e+00,4.970642797496272608e-02
6.290000000000000000e+02,5.200704095060824095e+00,4.969765149745502403e-02
6.300000000000000000e+02,5.200710416572634998e+00,4.969136058722483512e-02
6.310000000000000000e+02,5.200711703980579692e+00,4.969037991553291317e-02
6.320000000000000000e+02,5.200707698967619308e+00,4.969450532546061672e-02
6.330000000000000000e+02,5.200697591061752334e+00,4.970315752667504167e-02
6.340000000000000000e+02,5.200680558734523729e+00,4.971485908766129502e-02
6.350000000000000000e+02,5.200657879336973544e+00,4.972652241483354468e-02
6.360000000000000000e+02,5.200654784006419895e+00,4.972779612125009796e-02
6.370000000000000000e+02,5.200654375381549066e+00,4.972779661851385591e-02
6.380000000000000000e+02,5.200654905662384309e+00,4.972728150876800507e-02
6.390000000000000000e+02,5.200655935058450474e+00,4.972645177591215881e-02
6.400000000000000000e+02,5.200656930733808636e+00,4.972560491067087862e-02
6.410000000000000000e+02,5.200666021246100890e+00,4.971723793233773919e-02
6.420000000000000000e+02,5.200671791132566391e+00,4.971153198818312885e-02
6.430000000000000000e+02,5.200672517302291631e+00,4.971112991045833346e-02
6.440000000000000000e+02,5.200667887322025784e+00,4.971579260044582671e-02
6.450000000000000000e+02,5.200653242868491510e+00,4.972768291432438925e-02
6.460000000000000000e+02,5.200633808674071545e+00,4.973981988951529931e-02
6.470000000000000000e+02,5.200619771753509646e+00,4.974667224944871041e-02
6.480000000000000000e+02,5.200618729888420333e+00,4.974706270066375779e-02
6.490000000000000000e+02,5.200618553262689403e+00,4.974693494390036025e-02
6.500000000000000000e+02,5.200619255119963036e+00,4.974632080758981112e-02
6.510000000000000000e+02,5.200620316966110934e+00,4.974546079503483487e-02
6.520000000000000000e+02,5.200625520033350213e+00,4.974119751043125370e-02
6.530000000000000000e+02,5.200631131727074141e+00,4.973574353048987318e-02
6.540000000000000000e+02,5.200635091819163058e+00,4.973195761054004932e-02
6.550000000000000000e+02,5.200633953318409830e+00,4.973342350146959384e-02
6.560000000000000000e+02,5.200627201289808710e+00,4.973978783870995624e-02
6.570000000000000000e+02,5.200613870498893121e+00,4.975014525659243736e-02
6.580000000000000000e+02,5.200593749256356091e+00,4.976232190720199233e-02
6.590000000000000000e+02,5.200579557432464917e+00,4.976896340703945015e-02
6.600000000000000000e+02,5.200578588307841699e+00,4.976930247996246698e-02
6.610000000000000000e+02,5.200578521488051997e+00,4.976911490961855727e-02
6.620000000000000000e+02,5.200579293418199356e+00,4.976845898650341521e-02
6.630000000000000000e+02,5.200580361065765267e+00,4.976759061242413268e-02
6.640000000000000000e+02,5.200585352506326586e+00,4.976347311059078210e-02
6.650000000000000000e+02,5.200593773941952769e+00,4.975500036018531969e-02
6.660000000000000000e+02,5.200597179166346784e+00,4.975180356290890421e-02
6.670000000000000000e+02,5.200595456535382688e+00,4.975383423660487830e-02
6.680000000000000000e+02,5.200588025329555109e+00,4.976070022678799609e-02
6.690000000000000000e+02,5.200573913631495238e+00,4.977139636544063855e-02
6.700000000000000000e+02,5.200553142263718343e+00,4.978356456951364695e-02
6.710000000000000000e+02,5.200544519633441887e+00,4.978762513942611156e-02
6.720000000000000000e+02,5.200543630853230681e+00,4.978791054648984415e-02
6.730000000000000000e+02,5.200543673294037994e+00,4.978766374869201400e-02
6.740000000000000000e+02,5.200544508041431868e+00,4.978696928905294861e-02
6.750000000000000000e+02,5.200545575656867925e+00,4.978609622450480554e-02
6.760000000000000000e+02,5.200551139174217852e+00,4.978109521646335162e-02
6.770000000000000000e+02,5.200557789105535456e+00,4.977498060906272032e-02
6.780000000000000000e+02,5.200560637963206112e+00,4.977237255080347450e-02
6.790000000000000000e+02,5.200558323070969990e+00,4.977496408599627054e-02
6.800000000000000000e+02,5.200550198196202345e+00,4.978232083147818982e-02
6.810000000000000000e+02,5.200535300631959679e+00,4.979332777168460344e-02
6.820000000000000000e+02,5.200513923362401592e+00,4.980543704832258306e-02
6.830000000000000000e+02,5.200505246360908274e+00,4.980934475482770574e-02
6.840000000000000000e+02,5.200504444651869562e+00,4.980957459541734966e-02
6.850000000000000000e+02,5.200504594524264945e+00,4.980926961294874361e-02
6.860000000000000000e+02,5.200505619083886089e+00,4.980843236006342323e-02
6.870000000000000000e+02,5.200506669056294662e+00,4.980756107629619178e-02
6.880000000000000000e+02,5.200513948189334101e+00,4.980109729346872405e-02
6.890000000000000000e+02,5.200521271036425475e+00,4.979377047312319449e-02
6.900000000000000000e+02,5.200523561477678136e+00,4.979175025929705178e-02
6.910000000000000000e+02,5.200520645212907134e+00,4.979489835221046629e-02
6.920000000000000000e+02,5.200511812078746132e+00,4.980273373208466553e-02
6.930000000000000000e+02,5.200496127088293896e+00,4.981402110166058272e-02
6.940000000000000000e+02,5.200474197239294938e+00,4.982601895317678026e-02
6.950000000000000000e+02,5.200471043879216992e+00,4.982743567285767561e-02
6.960000000000000000e+02,5.200470447692834952e+00,4.982754214669295884e-02
6.970000000000000000e+02,5.200470815333215313e+00,4.982711836015747686e-02
6.980000000000000000e+02,5.200471797398538598e+00,4.982632663053102734e-02
6.990000000000000000e+02,5.200472832222702735e+00,4.982546135010979677e-02
7.000000000000000000e+02,5.200479770204168517e+00,4.981928060892887311e-02
7.010000000000000000e+02,5.200486538461311703e+00,4.981253665847885925e-02
7.020000000000000000e+02,5.200488267783540230e+00,4.981110316463407267e-02
7.030000000000000000e+02,5.200484739924976729e+00,4.981480314387907310e-02
7.040000000000000000e+02,5.200475183716458005e+00,4.982310360627013879e-02
7.050000000000000000e+02,5.200458713009075140e+00,4.983463835007611448e-02
7.060000000000000000e+02,5.200436292232891056e+00,4.984647032593256255e-02
7.070000000000000000e+02,5.200433160186662462e+00,4.984780986719150597e-02
7.080000000000000000e+02,5.200432667783962515e+00,4.984785662492914604e-02
7.090000000000000000e+02,5.200433130986869656e+00,4.984737998032397893e-02
7.100000000000000000e+02,5.200434144954651394e+00,4.984656489387964684e-02
7.110000000000000000e+02,5.200435160779514732e+00,4.984570871395133107e-02
7.120000000000000000e+02,5.200444633753256163e+00,4.983702322469517332e-02
7.130000000000000000e+02,5.200450845445947046e+00,4.983086637253867496e-02
7.140000000000000000e+02,5.200452010737961039e+00,4.983001761040625754e-02
7.150000000000000000e+02,5.200447860617289919e+00,4.983426382584765085e-02
7.160000000000000000e+02,5.200437567369835534e+00,4.984301386452428401e-02
7.170000000000000000e+02,5.200420317581730956e+00,4.985476007206426224e-02
7.180000000000000000e+02,5.200401223657542538e+00,4.986474762966310037e-02
7.190000000000000000e+02,5.200400059691841825e+00,4.986522910514837315e-02
7.200000000000000000e+02,5.200399674689634821e+00,4.986521542650691058e-02
7.210000000000000000e+02,5.200400227978498435e+00,4.986468824780915243e-02
7.220000000000000000e+02,5.200401266576092141e+00,4.986385367809450381e-02
7.230000000000000000e+02,5.200402259829201235e+00,4.986300954725098045e-02
7.240000000000000000e+02,5.200411263004168561e+00,4.985474083613094382e-02
7.250000000000000000e+02,5.200416916384966726e+00,4.984917468338251334e-02
7.260000000000000000e+02,5.200416847920291907e+00,4.984964763336312971e-02
7.270000000000000000e+02,5.200410597143688918e+00,4.985561995057136153e-02
7.280000000000000000e+02,5.200397832679631627e+00,4.986569998057822223e-02
7.290000000000000000e+02,5.200378179902712894e+00,4.987785175969842305e-02
7.300000000000000000e+02,5.200364056423267378e+00,4.988465885409039402e-02
7.310000000000000000e+02,5.200363027280368478e+00,4.988503732183378198e-02
7.320000000000000000e+02,5.200362876819801805e+00,4.988489483205730407e-02
7.330000000000000000e+02,5.200363599590283492e+00,4.988426967059689243e-02
7.340000000000000000e+02,5.200364667364379301e+00,4.988340669911108666e-02
7.350000000000000000e+02,5.200369833180847223e+00,4.987917697701388375e-02
7.360000000000000000e+02,5.200375367473681010e+00,4.987381277273413016e-02
7.370000000000000000e+02,5.200379202598224282e+00,4.987017135248424105e-02
7.380000000000000000e+02,5.200377923630583155e+00,4.987177416542024067e-02
7.390000000000000000e+02,5.200370997984048671e+00,4.987825921860861156e-02
7.400000000000000000e+02,5.200357449443130164e+00,4.988870034026546274e-02
7.410000000000000000e+02,5.200337108969833366e+00,4.990088091481970772e-02
7.420000000000000000e+02,5.200322841328342882e+00,4.990746682756192626e-02
7.430000000000000000e+02,5.200321887615485750e+00,4.990779292002199552e-02
7.440000000000000000e+02,5.200321848223325993e+00,4.990759024076037165e-02
7.450000000000000000e+02,5.200322640074305447e+00,4.990692374732449282e-02
7.460000000000000000e+02,5.200323712159582890e+00,4.990605329782275140e-02
7.470000000000000000e+02,5.200328662148744563e+00,4.990197311072386288e-02
7.480000000000000000e+02,5.200336967863585791e+00,4.989364332764376075e-02
7.490000000000000000e+02,5.200340242548876724e+00,4.989059523179622396e-02
7.500000000000000000e+02,5.200338372160503653e+00,4.989276587213431480e-02
7.510000000000000000e+02,5.200330757084373978e+00,4.989975371873035803e-02
7.520000000000000000e+02,5.200316417451776196e+00,4.991052966705498278e-02
7.530000000000000000e+02,5.200295428639874373e+00,4.992268957053257877e-02
7.540000000000000000e+02,5.200286760843832568e+00,4.992671467815188585e-02
7.550000000000000000e+02,5.200285890205260664e+00,4.992698613411402503e-02
7.560000000000000000e+02,5.200285961050386874e+00,4.992672394805369729e-02
7.570000000000000000e+02,5.200286814511347444e+00,4.992601947836781268e-02
7.580000000000000000e+02,5.200287885071338323e+00,4.992514525873323339e-02
7.590000000000000000e+02,5.200293405381039236e+00,4.992019046207861466e-02
7.600000000000000000e+02,5.200299943978318851e+00,4.991419786999341107e-02
7.610000000000000000e+02,5.200302656634065102e+00,4.991174255313526875e-02
7.620000000000000000e+02,5.200300186289378956e+00,4.991447694648164929e-02
7.630000000000000000e+02,5.200291866880919933e+00,4.992195623842184127e-02
7.640000000000000000e+02,5.200276731681169551e+00,4.993303805494782310e-02
7.650000000000000000e+02,5.200255141554268157e+00,4.994512544977025570e-02
7.660000000000000000e+02,5.200246287353770924e+00,4.994904496637771196e-02
7.670000000000000000e+02,5.200245614740204303e+00,4.994919482727436938e-02
7.680000000000000000e+02,5.200245910604408550e+00,4.994881082674087341e-02
7.690000000000000000e+02,5.200246868588340732e+00,4.994803804770441696e-02
7.700000000000000000e+02,5.200247918516622825e+00,4.994716759710116777e-02
7.710000000000000000e+02,5.200255126611010859e+00,4.994077705509002152e-02
7.720000000000000000e+02,5.200262320317290410e+00,4.993360581941650583e-02
7.730000000000000000e+02,5.200264468762343384e+00,4.993174223426268682e-02
7.740000000000000000e+02,5.200261388917963856e+00,4.993503590335740538e-02
7.750000000000000000e+02,5.200252350214130459e+00,4.994299400015168172e-02
7.760000000000000000e+02,5.200236418590121090e+00,4.995435018076971323e-02
7.770000000000000000e+02,5.200214283631441781e+00,4.996631121518357865e-02
7.780000000000000000e+02,5.200211124409561236e+00,4.996770860359104477e-02
7.790000000000000000e+02,5.200210553694248006e+00,4.996779892521513444e-02
7.800000000000000000e+02,5.200210949858677267e+00,4.996736006352816423e-02
7.810000000000000000e+02,5.200211945452748452e+00,4.996656092155912776e-02
7.820000000000000000e+02,5.200212978873290481e+00,4.996569742090613275e-02
7.830000000000000000e+02,5.200219369809204295e+00,4.996031996076076565e-02
7.840000000000000000e+02,5.200226039479859175e+00,4.995375983591054947e-02
7.850000000000000000e+02,5.200227621085415031e+00,4.995248647927669206e-02
7.860000000000000000e+02,5.200223921294583107e+00,4.995633431579818429e-02
7.870000000000000000e+02,5.200214148374256773e+00,4.996475686201147515e-02
7.880000000000000000e+02,5.200197423101387884e+00,4.997635302369452664e-02
7.890000000000000000e+02,5.200174808300557672e+00,4.998813199334731922e-02
7.900000000000000000e+02,5.200171674398228916e+00,4.998944928760105932e-02
7.910000000000000000e+02,5.200171209744596013e+00,4.998947918821082526e-02
7.920000000000000000e+02,5.200171701133299962e+00,4.998898766262609844e-02
7.930000000000000000e+02,5.200172726900262887e+00,4.998816607426637137e-02
7.940000000000000000e+02,5.200173740039189418e+00,4.998731261703075190e-02
7.950000000000000000e+02,5.200183107035797114e+00,4.997874184545320758e-02
7.960000000000000000e+02,5.200189177548715236e+00,4.997275170727138310e-02
7.970000000000000000e+02,5.200190188902208632e+00,4.997206669068354062e-02
7.980000000000000000e+02,5.200185857762833486e+00,4.997646306297681001e-02
7.990000000000000000e+02,5.200175336176862118e+00,4.998533410350094325e-02
8.000000000000000000e+02,5.200157824979756427e+00,4.999713316417418035e-02
8.010000000000000000e+02,5.200138564949623010e+00,5.000707076509688931e-02
8.020000000000000000e+02,5.200137412201955911e+00,5.000753936387013904e-02
8.030000000000000000e+02,5.200137057071687607e+00,5.000750818054251756e-02
8.040000000000000000e+02,5.200137637916737887e+00,5.000696641944035042e-02
8.050000000000000000e+02,5.200138686500892504e+00,5.000612632304643479e-02
8.060000000000000000e+02,5.200141100569875441e+00,5.000455311951496756e-02
8.070000000000000000e+02,5.200150415616299426e+00,4.999529201986787491e-02
8.080000000000000000e+02,5.200154659737936669e+00,4.999122948011361367e-02
8.090000000000000000e+02,5.200153798732016774e+00,4.999242522201969435e-02
8.100000000000000000e+02,5.200147346151225314e+00,4.999854395275899616e-02
8.110000000000000000e+02,5.200134329599567451e+00,5.000872922629004402e-02
8.120000000000000000e+02,5.200114418951186757e+00,5.002089555521622988e-02
8.130000000000000000e+02,5.200100201255367871e+00,5.002764388798101869e-02
8.140000000000000000e+02,5.200099189292001434e+00,5.002800740704098359e-02
8.150000000000000000e+02,5.200099071291654163e+00,5.002784690134441659e-02
8.160000000000000000e+02,5.200099818639731808e+00,5.002720858541225002e-02
8.170000000000000000e+02,5.200100892370365102e+00,5.002634242202482623e-02
8.180000000000000000e+02,5.200106008717253481e+00,5.002215495498342490e-02
8.190000000000000000e+02,5.200114723585460119e+00,5.001342538953692379e-02
8.200000000000000000e+02,5.200118402365284886e+00,5.000996091977335384e-02
8.210000000000000000e+02,5.200116949632229257e+00,5.001173149894350828e-02
8.220000000000000000e+02,5.200109811045616759e+00,5.001836438449865085e-02
8.230000000000000000e+02,5.200095999440625505e+00,5.002890655872629933e-02
8.240000000000000000e+02,5.200075403710826549e+00,5.004108782643157394e-02
8.250000000000000000e+02,5.200066762416374111e+00,5.004521270703382596e-02
8.260000000000000000e+02,5.200065829329893141e+00,5.004552263429361963e-02
8.270000000000000000e+02,5.200065823755565475e+00,5.004530153059005837e-02
8.280000000000000000e+02,5.200066638682911524e+00,5.004462250718735850e-02
8.290000000000000000e+02,5.200067714734918134e+00,5.004374997904589145e-02
8.300000000000000000e+02,5.200072609861976503e+00,5.003971657692062036e-02
8.310000000000000000e+02,5.200080767405874660e+00,5.003156247215902880e-02
8.320000000000000000e+02,5.200083879356750316e+00,5.002869604150637223e-02
8.330000000000000000e+02,5.200081826741294044e+00,5.003103781823965007e-02
8.340000000000000000e+02,5.200073987001119669e+00,5.003817445544084253e-02
8.350000000000000000e+02,5.200059373618802105e+00,5.004904606588461008e-02
8.360000000000000000e+02,5.200038134927775779e+00,5.006119114514618468e-02
8.370000000000000000e+02,5.200029421113132599e+00,5.006517069057467989e-02
8.380000000000000000e+02,5.200028574229166978e+00,5.006542491386929000e-02
8.390000000000000000e+02,5.200028679676448995e+00,5.006514411451800511e-02
8.400000000000000000e+02,5.200029554511162999e+00,5.006442790581296792e-02
8.410000000000000000e+02,5.200030627240645131e+00,5.006355274021594831e-02
8.420000000000000000e+02,5.200038212475087462e+00,5.005686419338630649e-02
8.430000000000000000e+02,5.200045808200833619e+00,5.004929263722338734e-02
8.440000000000000000e+02,5.200048351858717943e+00,5.004702320083972283e-02
8.450000000000000000e+02,5.200045690655963782e+00,5.004993167903077494e-02
8.460000000000000000e+02,5.200037134865928223e+00,5.005755999138303963e-02
8.470000000000000000e+02,5.200021716614362965e+00,5.006873073607374935e-02
8.480000000000000000e+02,5.199999886297799634e+00,5.008078630073863058e-02
8.490000000000000000e+02,5.199996708444765581e+00,5.008223406695048313e-02
8.500000000000000000e+02,5.199996065328419625e+00,5.008236506955206224e-02
8.510000000000000000e+02,5.199996395375127811e+00,5.008196290183230398e-02
8.520000000000000000e+02,5.199997370069586289e+00,5.008118063305546513e-02
8.530000000000000000e+02,5.199998418484261364e+00,5.008031164747028113e-02
8.540000000000000000e+02,5.200005533424949533e+00,5.007401173672853395e-02
8.550000000000000000e+02,5.200012563944768296e+00,5.006702996939275951e-02
8.560000000000000000e+02,5.200014536922591191e+00,5.006535645363887482e-02
8.570000000000000000e+02,5.200011257007044918e+00,5.006882702812714969e-02
8.580000000000000000e+02,5.200001969704817206e+00,5.007693374618682469e-02
8.590000000000000000e+02,5.199985746509827145e+00,5.008837071740544766e-02
8.600000000000000000e+02,5.199963384578210501e+00,5.010028129484974529e-02
8.610000000000000000e+02,5.199960222298654955e+00,5.010165423124359613e-02
8.620000000000000000e+02,5.199959683740126515e+00,5.010172487926278090e-02
8.630000000000000000e+02,5.199960113666193706e+00,5.010126808106122459e-02
8.640000000000000000e+02,5.199961123844071054e+00,5.010046053101810393e-02
8.650000000000000000e+02,5.199962154190385988e+00,5.009959961901820635e-02
8.660000000000000000e+02,5.199968464319590034e+00,5.009429138729527831e-02
8.670000000000000000e+02,5.199974964007611611e+00,5.008792569642897541e-02
8.680000000000000000e+02,5.199976364199090817e+00,5.008684578508875579e-02
8.690000000000000000e+02,5.199972455243619507e+00,5.009087247080920569e-02
8.700000000000000000e+02,5.199962421758582920e+00,5.009944197566888746e-02
8.710000000000000000e+02,5.199945397897405286e+00,5.011110910753347608e-02
8.720000000000000000e+02,5.199922572872353932e+00,5.012281779949450539e-02
8.730000000000000000e+02,5.199919440971983775e+00,5.012410719631950340e-02
8.740000000000000000e+02,5.199919010899196614e+00,5.012411670355306631e-02
8.750000000000000000e+02,5.199919535263697767e+00,5.012360761120358138e-02
8.760000000000000000e+02,5.199920573412890157e+00,5.012277877368132017e-02
8.770000000000000000e+02,5.199921582000152753e+00,5.012192901510548887e-02
8.780000000000000000e+02,5.199930812745574116e+00,5.011349824574591605e-02
8.790000000000000000e+02,5.199936708279221165e+00,5.010770870493250206e-02
8.800000000000000000e+02,5.199937531979069050e+00,5.010722035500195931e-02
8.810000000000000000e+02,5.199932982037187124e+00,5.011179724937252222e-02
8.820000000000000000e+02,5.199922187727614720e+00,5.012081279101448378e-02
8.830000000000000000e+02,5.199904372534491337e+00,5.013267153300091789e-02
8.840000000000000000e+02,5.199884933205741966e+00,5.014254344580357931e-02
8.850000000000000000e+02,5.199883796121238966e+00,5.014299620936877450e-02
8.860000000000000000e+02,5.199883477706043422e+00,5.014294401740079093e-02
8.870000000000000000e+02,5.199884211130669343e+00,5.014228894321137026e-02
8.880000000000000000e+02,5.199885283831036986e+00,5.014142847990789992e-02
8.890000000000000000e+02,5.199890555255673341e+00,5.013714414399361025e-02
8.900000000000000000e+02,5.199896256029682640e+00,5.013164528733220215e-02
8.910000000000000000e+02,5.199900317135082162e+00,5.012778827530266212e-02
8.920000000000000000e+02,5.199899256033536865e+00,5.012918013127867084e-02
8.930000000000000000e+02,5.199892561792439416e+00,5.013547347588308972e-02
8.940000000000000000e+02,5.199879247756700629e+00,5.014578245669866485e-02
8.950000000000000000e+02,5.199859043883840570e+00,5.015796084572843316e-02
8.960000000000000000e+02,5.199844730247138891e+00,5.016463458340112563e-02
8.970000000000000000e+02,5.199843740825058624e+00,5.016497995629373707e-02
8.980000000000000000e+02,5.199843661866921707e+00,5.016479807787184442e-02
8.990000000000000000e+02,5.199844436983567242e+00,5.016414460607673126e-02
9.000000000000000000e+02,5.199845516079700580e+00,5.016327523367734159e-02
9.010000000000000000e+02,5.199850568804301076e+00,5.015913953730303382e-02
9.020000000000000000e+02,5.199859111057950400e+00,5.015061039745123683e-02
9.030000000000000000e+02,5.199862601302817744e+00,5.014735557548569839e-02
9.040000000000000000e+02,5.199860940623568517e+00,5.014932485078956587e-02
9.050000000000000000e+02,5.199853548752273902e+00,5.015613245844711965e-02
9.060000000000000000e+02,5.199839428544775544e+00,5.016679187133944035e-02
9.070000000000000000e+02,5.199818544654613461e+00,5.017896801975366139e-02
9.080000000000000000e+02,5.199809846539997338e+00,5.018304562024301224e-02
9.090000000000000000e+02,5.199808939548701048e+00,5.018333618268873419e-02
9.100000000000000000e+02,5.199808973983508942e+00,5.018309348038067774e-02
9.110000000000000000e+02,5.199809814695309562e+00,5.018240020489091874e-02
9.120000000000000000e+02,5.199810893974340154e+00,5.018152578798462660e-02
9.130000000000000000e+02,5.199816523127231527e+00,5.017650693405865947e-02
9.140000000000000000e+02,5.199823258450132712e+00,5.017035698132889243e-02
9.150000000000000000e+02,5.199826176497427177e+00,5.016770387513998231e-02
9.160000000000000000e+02,5.199823907807782142e+00,5.017024650721316897e-02
9.170000000000000000e+02,5.199815802902188366e+00,5.017755718987735453e-02
9.180000000000000000e+02,5.199800870649865736e+00,5.018853813413497872e-02
9.190000000000000000e+02,5.199779352377902342e+00,5.020065931889106103e-02
9.200000000000000000e+02,5.199770593348402414e+00,5.020458236930844254e-02
9.210000000000000000e+02,5.199769776006930577e+00,5.020481609865452832e-02
9.220000000000000000e+02,5.199769921968124820e+00,5.020451363853712518e-02
9.230000000000000000e+02,5.199770820385545278e+00,5.020378421544967329e-02
9.240000000000000000e+02,5.199771894287423812e+00,5.020290849610604955e-02
9.250000000000000000e+02,5.199779373104721714e+00,5.019632090876034042e-02
9.260000000000000000e+02,5.199786782269613994e+00,5.018896384411866696e-02
9.270000000000000000e+02,5.199789126190618838e+00,5.018691144035559992e-02
9.280000000000000000e+02,5.199786239984775627e+00,5.019002296917122324e-02
9.290000000000000000e+02,5.199777406483814701e+00,5.019782424020639150e-02
9.300000000000000000e+02,5.199761659887875531e+00,5.020909518169056757e-02
9.310000000000000000e+02,5.199739562646359836e+00,5.022110648433831398e-02
9.320000000000000000e+02,5.199736378717551233e+00,5.022252847560531447e-02
9.330000000000000000e+02,5.199735771158790598e+00,5.022263734923951978e-02
9.340000000000000000e+02,5.199736140522006167e+00,5.022221431403381398e-02
9.350000000000000000e+02,5.199737133281900014e+00,5.022142158329075817e-02
9.360000000000000000e+02,5.199738178906430974e+00,5.022055479956534507e-02
9.370000000000000000e+02,5.199745181566576058e+00,5.021436211493624652e-02
9.380000000000000000e+02,5.199752019018731630e+00,5.020760124387665946e-02
9.390000000000000000e+02,5.199753786175936199e+00,5.020614828116939238e-02
9.400000000000000000e+02,5.199750271742700214e+00,5.020982386223973165e-02
9.410000000000000000e+02,5.199740693820637638e+00,5.021810171602741207e-02
9.420000000000000000e+02,5.199724134087135852e+00,5.022962824567061418e-02
9.430000000000000000e+02,5.199701522355893779e+00,5.024147263682484515e-02
9.440000000000000000e+02,5.199698359527166858e+00,5.024281594190067868e-02
9.450000000000000000e+02,5.199697859397818256e+00,5.024286361084263908e-02
9.460000000000000000e+02,5.199698327860850178e+00,5.024238632434845780e-02
9.470000000000000000e+02,5.199699353550026437e+00,5.024156962563788853e-02
9.480000000000000000e+02,5.199700379355483904e+00,5.024071220430903484e-02
9.490000000000000000e+02,5.199709931577058519e+00,5.023201909484979050e-02
9.500000000000000000e+02,5.199716195514384687e+00,5.022585869485302057e-02
9.510000000000000000e+02,5.199717382996446702e+00,5.022500303665117238e-02
9.520000000000000000e+02,5.199713229082670196e+00,5.022923682557443870e-02
9.530000000000000000e+02,5.199702891746459166e+00,5.023797519948165757e-02
9.540000000000000000e+02,5.199685525312504275e+00,5.024971985087184345e-02
9.550000000000000000e+02,5.199666261634168229e+00,5.025971499925083880e-02
9.560000000000000000e+02,5.199665084125285830e+00,5.026019713712974457e-02
9.570000000000000000e+02,5.199664695280530324e+00,5.026018284348314491e-02
9.580000000000000000e+02,5.199665257010625652e+00,5.025965374780559658e-02
9.590000000000000000e+02,5.199666307912673702e+00,5.025881715222484114e-02
9.600000000000000000e+02,5.199667310144158172e+00,5.025797218063487309e-02
9.610000000000000000e+02,5.199676376404656075e+00,5.024970640968177277e-02
9.620000000000000000e+02,5.199682065281256094e+00,5.024415006053081778e-02
9.630000000000000000e+02,5.199682668978181432e+00,5.024388962353922017e-02
9.640000000000000000e+02,5.199677862924051652e+00,5.024867545207271913e-02
9.650000000000000000e+02,5.199666751239649720e+00,5.025785662741259763e-02
9.660000000000000000e+02,5.199648589253804687e+00,5.026977905636787619e-02
9.670000000000000000e+02,5.199628791736782496e+00,5.027964400696806335e-02
9.680000000000000000e+02,5.199627752106609435e+00,5.028002174127904622e-02
9.690000000000000000e+02,5.199627603544803911e+00,5.027987691906110612e-02
9.700000000000000000e+02,5.199628338244053793e+00,5.027924870443058886e-02
9.710000000000000000e+02,5.199629418076523457e+00,5.027838370284670039e-02
9.720000000000000000e+02,5.199634617447301821e+00,5.027415564378118901e-02
9.730000000000000000e+02,5.199640179517623473e+00,5.026880496609394816e-02
9.740000000000000000e+02,5.199644025734195374e+00,5.026518598258609971e-02
9.750000000000000000e+02,5.199642730591434336e+00,5.026680463414080063e-02
9.760000000000000000e+02,5.199635754281897171e+00,5.027329933771969295e-02
9.770000000000000000e+02,5.199622096327570553e+00,5.028374837174738599e-02
9.780000000000000000e+02,5.199601563897324752e+00,5.029593345548254157e-02
9.790000000000000000e+02,5.199592893873445476e+00,5.030009429617487982e-02
9.800000000000000000e+02,5.199591932701616237e+00,5.030041820645801687e-02
9.810000000000000000e+02,5.199591899336162726e+00,5.030021164317361598e-02
9.820000000000000000e+02,5.199592705079021826e+00,5.029954120564496256e-02
9.830000000000000000e+02,5.199593788722530086e+00,5.029866881656852584e-02
9.840000000000000000e+02,5.199598763695194137e+00,5.029459493108172363e-02
9.850000000000000000e+02,5.199607099929675513e+00,5.028629948826963264e-02
9.860000000000000000e+02,5.199610369015800870e+00,5.028328721767631737e-02
9.870000000000000000e+02,5.199608465275005642e+00,5.028548610590053564e-02
9.880000000000000000e+02,5.199600778235592635e+00,5.029249487680267222e-02
9.890000000000000000e+02,5.199586302632529744e+00,5.030328617726025076e-02
9.900000000000000000e+02,5.199565099388028244e+00,5.031544832002537992e-02
9.910000000000000000e+02,5.199556345152490877e+00,5.031946743213148998e-02
9.920000000000000000e+02,5.199555470362282605e+00,5.031973522909704427e-02
9.930000000000000000e+02,5.199555551089190431e+00,5.031946773247404636e-02
9.940000000000000000e+02,5.199556419895280612e+00,5.031875864971373929e-02
9.950000000000000000e+02,5.199557501281976357e+00,5.031788275396009008e-02
9.960000000000000000e+02,5.199563048823911515e+00,5.031293961092812156e-02
9.970000000000000000e+02,5.199569592346956703e+00,5.030698651374614083e-02
9.980000000000000000e+02,5.199572283597050593e+00,5.030457959294004633e-02
9.990000000000000000e+02,5.199569762899022507e+00,5.030735379617392450e-02
1.000000000000000000e+03,5.199561349812071853e+00,5.031486419081283162e-02
