# Time, Ek_cd, Ep_cd, Etot_cd; Ek_cr, Ep_cr, Etot_cr
# Cloud: number of gas particles: 50000, total mass: 99999 MSun, virial radius: 10 pc;
# Cluster: number of stars: 10000, total mass: 20000 MSun, virial radius: 3 pc;
# Initial position of cluster: [-200, -200, 0] parsec; Initial velocity of cluster: [50, 50, 0] kms.
0.0,-0.0,1.0,1.0,1.00575152478,-0.00575152478494,1.0
0.2,-0.0180485867805,0.998957483194,0.980908896414,1.00575391852,-0.0057109607088,1.00004295781
0.4,-0.0124921142004,0.997563430852,0.985071316652,1.00572574738,-0.00565192242887,1.00007382495
0.6,-0.00950386651491,0.995779737248,0.986275870733,1.00569622512,-0.00558354710983,1.00011267801
0.8,-0.00779757012067,0.993818758511,0.98602118839,1.00566898817,-0.00551410448458,1.00015488369
1.0,-0.00670162684454,0.991853454313,0.985151827469,1.00568258469,-0.00546274848709,1.00021983621
1.2,-0.00590281138478,0.989984508626,0.984081697242,1.00570441096,-0.00542644520549,1.00027796576
1.4,-0.00540890782124,0.988272125959,0.982863218138,1.00576238026,-0.00541303253461,1.00034934773
1.6,-0.00508290568533,0.986757027402,0.981674121716,1.0058517842,-0.00542778832251,1.00042399588
1.8,-0.00476309968076,0.985465148826,0.980702049145,1.00598266182,-0.00545562156854,1.00052704025
2.0,-0.00447094076074,0.984405133045,0.979934192284,1.00612067891,-0.00547706058466,1.00064361833
2.2,-0.00419358457894,0.983575630802,0.979382046223,1.00628024244,-0.00549278554264,1.00078745689
2.4,-0.0039378045371,0.982951953445,0.979014148908,1.00645486641,-0.00549603758729,1.00095882882
2.6,-0.00370772391222,0.98249627777,0.978788553858,1.00668766994,-0.00548485638945,1.00120281355
2.8,-0.00348360607113,0.982170121006,0.978686514935,1.00699182017,-0.00546256243741,1.00152925773
3.0,-0.00327368490507,0.981940054829,0.978666369924,1.00744923487,-0.00545241042714,1.00199682444
3.2,-0.00308504704527,0.981786073307,0.978701026262,1.00817548418,-0.00546085408032,1.0027146301
3.4,-0.00290624389835,0.981704793958,0.97879855006,1.00949128553,-0.00547454876176,1.00401673677
3.6,-0.00276690064165,0.981709625297,0.978942724655,1.01226642612,-0.00547805147197,1.00678837465
3.8,-0.00306663244193,0.981867093925,0.978800461483,1.02145278347,-0.00548458250149,1.01596820097
4.0,-0.00561952464158,0.986620499421,0.981000974779,1.02227870136,-0.00556913474088,1.01670956662
4.2,-0.00502456010118,0.996190249202,0.9911656891,1.01245001629,-0.00575719414553,1.00669282214
4.4,-0.00426974150991,1.00473449983,1.00046475832,1.00962773894,-0.0058913560014,1.00373638294
4.6,-0.00377836563455,1.01149581698,1.00771745135,1.00834131423,-0.00595888805461,1.00238242617
4.8,-0.00344700470969,1.01631044634,1.01286344163,1.00759895011,-0.00595882811365,1.001640122
5.0,-0.00320084283121,1.01933206424,1.01613122141,1.00706634779,-0.00590029116747,1.00116605662
5.2,-0.00301197347011,1.02083639107,1.0178244176,1.00665649631,-0.00581771129738,1.00083878501
5.4,-0.00287038751108,1.02111461792,1.01824423041,1.00631040402,-0.00571956252461,1.00059084149
5.6,-0.00275278545997,1.02043680184,1.01768401638,1.00602757778,-0.00561364249344,1.00041393529
5.8,-0.00266327191341,1.0190377407,1.01637446879,1.00578729537,-0.00551623203868,1.00027106333
6.0,-0.00259621937848,1.01710624806,1.01451002868,1.00559857363,-0.00543381658478,1.00016475705
6.2,-0.00254232815695,1.01479720922,1.01225488107,1.00542836405,-0.00537247049507,1.00005589355
6.4,-0.00249784348485,1.01223462155,1.00973677807,1.00530730693,-0.00532945020884,0.999977856723
6.6,-0.00245834172073,1.00951680498,1.00705846326,1.00520835667,-0.00530429346607,0.999904063208
6.8,-0.00242058074817,1.00672411195,1.0043035312,1.00513792851,-0.00529567115829,0.999842257354
7.0,-0.002379276665,1.00392200558,1.00154272891,1.00508449021,-0.00530387698289,0.999780613227
7.2,-0.00232997259295,1.00116481201,0.998834839419,1.00503799723,-0.00530313332978,0.999734863898
7.4,-0.00227178250505,0.998497237027,0.996225454522,1.00497653523,-0.00529063724701,0.999685897978
7.6,-0.00220625778227,0.995955625457,0.993749367674,1.00493410186,-0.00528012461611,0.999653977246
7.8,-0.00213821763443,0.993571716848,0.991433499214,1.00490589685,-0.00527804987283,0.999627846977
8.0,-0.00206811831968,0.991370227623,0.989302109303,1.00489630452,-0.00527825761658,0.999618046899
8.2,-0.0019930775546,0.989366012611,0.987372935056,1.0048670865,-0.00527476470698,0.999592321797
8.4,-0.00191906438182,0.987567296506,0.985648232124,1.00484846398,-0.00526715986019,0.999581304122
8.6,-0.0018473928357,0.985976156588,0.984128763753,1.0048265866,-0.00526853541204,0.999558051189
8.8,-0.00177581519873,0.984588396599,0.982812581401,1.00482446524,-0.0052780300532,0.999546435191
9.0,-0.00170606569333,0.983397346115,0.981691280422,1.00480540966,-0.00528758981537,0.999517819844
9.2,-0.00163837624816,0.982392872552,0.980754496304,1.00477745115,-0.00528872649805,0.999488724652
9.4,-0.00157028046095,0.981561975574,0.979991695113,1.00474202476,-0.00527810497112,0.999463919785
9.6,-0.00150231298042,0.980892337024,0.979390024044,1.00473454687,-0.00527465910962,0.999459887762
9.8,-0.00143782449174,0.980372193143,0.978934368651,1.00472589001,-0.00527796619179,0.999447923823
10.0,-0.00137953078728,0.979988145388,0.978608614601,1.00473129918,-0.00528209583705,0.999449203343
10.2,-0.00132720326132,0.97972988467,0.978402681409,1.0047239612,-0.00527858761897,0.999445373578
10.4,-0.00128001285963,0.979586673637,0.978306660777,1.00472054818,-0.00526750723171,0.999453040949
10.6,-0.0012373563714,0.97954704965,0.978309693278,1.00470864956,-0.00526756813868,0.999441081423
10.8,-0.00119862134306,0.979600654159,0.978402032816,1.00470932214,-0.00527549464521,0.999433827495
11.0,-0.00116342206714,0.979737611221,0.978574189154,1.00470934257,-0.0052877393383,0.999421603236
11.2,-0.00113084893469,0.979948161138,0.978817312203,1.00471456814,-0.0053054434425,0.999409124696
11.4,-0.00109998185625,0.980221011718,0.979121029862,1.00470645861,-0.00532223008949,0.999384228524
11.6,-0.00107044514906,0.980544564454,0.979474119305,1.00469987101,-0.00532954931253,0.999370321694
11.8,-0.00104190702619,0.980908178832,0.979866271806,1.00468042112,-0.00531695492492,0.999363466193
12.0,-0.0010138980889,0.981302490282,0.980288592193,1.00465356741,-0.00529307815055,0.999360489257
12.2,-0.000986493934433,0.981718765805,0.980732271871,1.00462106809,-0.00526638584829,0.999354682246
12.4,-0.000960475680538,0.982148168781,0.9811876931,1.00461184497,-0.00524573367277,0.999366111294
12.6,-0.000936178456337,0.982582047838,0.981645869382,1.00459894,-0.00523152117778,0.999367418818
12.8,-0.000913516891482,0.983012288127,0.982098771236,1.00459666511,-0.00522385226168,0.999372812853
13.0,-0.000892383924213,0.983431503954,0.98253912003,1.0045960546,-0.00522740824227,0.999368646356
13.2,-0.000872671927711,0.98383318802,0.982960516092,1.00459784493,-0.00524012654701,0.99935771838
13.4,-0.000854045263548,0.984211350176,0.983357304913,1.00461306692,-0.00525974954414,0.999353317371
13.6,-0.00083596720315,0.984563811705,0.983727844502,1.00461899679,-0.00528368989893,0.999335306895
13.8,-0.000817933774133,0.984888425099,0.984070491325,1.00463541474,-0.00530435724213,0.999331057495
14.0,-0.000799841197923,0.985182600054,0.984382758856,1.00463313629,-0.00531369589857,0.99931944039
14.2,-0.000781834506689,0.985446541136,0.984664706629,1.00463454329,-0.00531231755601,0.999322225736
14.4,-0.000764084754429,0.985679372233,0.984915287479,1.00463303462,-0.00532145056251,0.999311584059
14.6,-0.000746756302584,0.985880447036,0.985133690733,1.00464249685,-0.00532839586566,0.999314100985
14.8,-0.000730019670414,0.986049702126,0.985319682455,1.0046239164,-0.00531854148556,0.999305374916
15.0,-0.000714054585348,0.986188043831,0.985473989246,1.00461258992,-0.00529727586988,0.999315314047
