# Time, Ek_cd, Ep_cd, Etot_cd; Ek_cr, Ep_cr, Etot_cr
# Cloud: number of gas particles: 50000, total mass: 99999 MSun, virial radius: 10 pc;
# Cluster: number of stars: 10000, total mass: 20000 MSun, virial radius: 3 pc;
# Initial position of cluster: [-200, -200, 0] parsec; Initial velocity of cluster: [4.2426, 0.0, 0.0] kms.
0.0,-0.0,1.0,1.0,8.86548754708,-7.86548754708,1.0
1.0,-0.00670160676366,0.991853435005,0.985151828241,8.50651744685,-7.47107471154,1.0354427353
2.0,-0.00447058387235,0.984405160083,0.97993457621,8.53768160376,-7.49010240156,1.0475792022
3.0,-0.00326902841113,0.981939862985,0.978670834574,8.52193379838,-7.45484172778,1.06709207061
4.0,-0.00238086395937,0.982035614507,0.979654750548,8.57181914216,-7.49777877631,1.07404036585
5.0,-0.00175761957553,0.984511642946,0.98275402337,8.56875470923,-7.48047917523,1.08827553399
6.0,-0.00142570519337,0.987951839499,0.986526134305,8.55726524686,-7.44546361411,1.11180163275
7.0,-0.00122519605982,0.990582005031,0.989356808971,8.60004012347,-7.47670506783,1.12333505564
8.0,-0.00105051598125,0.991696410996,0.990645895015,8.58606970853,-7.44724344501,1.13882626353
9.0,-0.000901314294059,0.99202036491,0.991119050616,8.55606742774,-7.40575344159,1.15031398615
10.0,-0.00078101916288,0.992390704907,0.991609685744,8.63201055059,-7.46778145682,1.16422909377
11.0,-0.000693197040713,0.993121083449,0.992427886408,8.63847813926,-7.45394555461,1.18453258465
12.0,-0.000624876636812,0.994166956806,0.993542080169,8.61954794371,-7.41806183285,1.20148611085
13.0,-0.000562251223615,0.995142721275,0.994580470051,8.61200586241,-7.40153920641,1.210466656
14.0,-0.000504782196593,0.995784180465,0.995279398269,8.63868223383,-7.41464840031,1.22403383352
15.0,-0.000463273613874,0.996105750764,0.99564247715,8.62586420106,-7.3798063573,1.24605784376
16.0,-0.0004315984653,0.996107379002,0.995675780537,8.67575562719,-7.41779277674,1.25796285045
17.0,-0.000399274762763,0.995907502859,0.995508228096,8.62035128532,-7.34431307815,1.27603820718
18.0,-0.000369381344773,0.995716605659,0.995347224314,8.65631222442,-7.37096871396,1.28534351046
19.0,-0.000344445162759,0.995647005464,0.995302560302,8.69696069659,-7.39498886422,1.30197183237
20.0,-0.000324823677078,0.995769147256,0.995444323579,8.72065842498,-7.40016056346,1.32049786152
21.0,-0.000308284181015,0.996015989658,0.995707705477,8.64688028685,-7.30612411302,1.34075617383
22.0,-0.000293348400159,0.996227765766,0.995934417366,8.69065566776,-7.34038408102,1.35027158675
23.0,-0.000280411644896,0.996346543202,0.996066131557,8.7512346107,-7.38736080089,1.3638738098
24.0,-0.000269056110802,0.996403498816,0.996134442705,8.70571774309,-7.32393852528,1.38177921781
25.0,-0.000259953789446,0.99647996464,0.996220010851,8.62814387058,-7.2290921655,1.39905170508
26.0,-0.000253038116008,0.996615456185,0.996362418069,8.72975129611,-7.32052158205,1.40922971406
27.0,-0.000247178337049,0.996785771863,0.996538593526,8.72483929638,-7.30502766355,1.41981163283
28.0,-0.000241596924324,0.996933148925,0.996691552,8.69859427164,-7.26104320435,1.43755106729
29.0,-0.00023699947038,0.996975022479,0.996738023008,8.76272212801,-7.30653499939,1.45618712862
30.0,-0.000233398248707,0.996897275434,0.996663877185,8.74763376655,-7.27521493873,1.47241882782
31.0,-0.000230037391843,0.996751647871,0.996521610479,8.71784485893,-7.23433829183,1.48350656709
32.0,-0.000227081801902,0.996651062082,0.99642398028,8.77268633439,-7.28053169573,1.49215463867
33.0,-0.000224893577033,0.996659100699,0.996434207122,8.73106256232,-7.2192465435,1.51181601882
34.0,-0.000223986270489,0.996745837164,0.996521850893,8.78753885375,-7.26535754285,1.5221813109
35.0,-0.000224083904133,0.996825117199,0.996601033294,8.82699670392,-7.29501816463,1.53197853929
36.0,-0.000224718244841,0.996881025145,0.9966563069,8.76397643409,-7.2225352344,1.54144119969
37.0,-0.000225903592346,0.996920586961,0.996694683369,8.76383166869,-7.20812898063,1.55570268806
38.0,-0.000227255870688,0.996926462731,0.99669920686,8.77422679987,-7.20572967796,1.56849712191
39.0,-0.000228775581356,0.996913106531,0.99668433095,8.75477712916,-7.17505793036,1.5797191988
40.0,-0.000230781968396,0.99690165247,0.996670870502,8.76972868923,-7.18104274003,1.5886859492
41.0,-0.000233298394456,0.99692866433,0.996695365936,8.73986158231,-7.14237596739,1.59748561493
42.0,-0.000236177690547,0.996992430076,0.996756252385,8.74791867819,-7.14045505405,1.60746362414
43.0,-0.000239037389997,0.997063373037,0.996824335647,8.8622671828,-7.25120398387,1.61106319893
44.0,-0.000242350034429,0.997128357137,0.996886007102,8.78140823538,-7.15722359997,1.62418463541
45.0,-0.000246010354619,0.997176786292,0.996930775937,8.79748707088,-7.17080504459,1.62668202628
46.0,-0.000250424196865,0.997196901938,0.996946477741,8.80508469231,-7.16904770306,1.63603698925
47.0,-0.000255482482188,0.997199485787,0.996944003305,8.78188305451,-7.1396562777,1.64222677681
48.0,-0.000261548919008,0.997187605816,0.996926056897,8.78455464391,-7.1367521313,1.64780251261
49.0,-0.000267936620753,0.997173845518,0.996905908897,8.77888980291,-7.12365477698,1.65523502594
50.0,-0.000274479741878,0.997172088065,0.996897608323,8.81983373821,-7.16174800633,1.65808573188
51.0,-0.000281096046721,0.997161054899,0.996879958852,8.79677785976,-7.13285633217,1.6639215276
52.0,-0.000287919032123,0.997101523796,0.996813604764,8.7699313339,-7.10476910051,1.66516223339
53.0,-0.0002946521608,0.99705802196,0.9967633698,8.78393654925,-7.11734145119,1.66659509805
54.0,-0.000300879661077,0.997057380373,0.996756500712,8.72631593852,-7.06007808289,1.66623785563
55.0,-0.000306877376071,0.997082728392,0.996775851015,8.73863144939,-7.06941391473,1.66921753466
56.0,-0.000313023357695,0.997137576717,0.996824553359,8.75941948204,-7.09001277874,1.6694067033
57.0,-0.000319531818526,0.997225836212,0.996906304394,8.72164301071,-7.04967821288,1.67196479783
58.0,-0.000326137635013,0.997312931951,0.996986794316,8.76670534734,-7.10286036961,1.66384497773
59.0,-0.000333191297339,0.997373664969,0.997040473672,8.74554035716,-7.08494190849,1.66059844867
60.0,-0.000340471907701,0.997426655475,0.997086183568,8.67154419393,-7.00740026046,1.66414393347
61.0,-0.000348370862987,0.99745149949,0.997103128627,8.64589771647,-6.98418788976,1.66170982671
62.0,-0.000356379101119,0.997466817584,0.997110438483,8.72128337294,-7.06755082869,1.65373254425
63.0,-0.000364097660143,0.997446715704,0.997082618044,8.73921441414,-7.09374713937,1.64546727476
64.0,-0.000371620875926,0.997426397118,0.997054776242,8.67547703979,-7.03219765441,1.64327938538
65.0,-0.000379018754259,0.99744935482,0.997070336066,8.66615926485,-7.02590243396,1.6402568309
66.0,-0.000386464618476,0.997477084191,0.997090619572,8.66962762486,-7.03625928376,1.6333683411
67.0,-0.000394040280209,0.997500656775,0.997106616495,8.5630323851,-6.9363116632,1.6267207219
68.0,-0.00040116464462,0.997496137968,0.997094973323,8.58432024877,-6.96516648031,1.61915376846
69.0,-0.000408204112534,0.997437783426,0.997029579313,8.68296723902,-7.06916920798,1.61379803103
70.0,-0.00041531038004,0.997375791556,0.996960481176,8.60795453332,-6.9976424831,1.61031205022
71.0,-0.000422911967429,0.997323440578,0.996900528611,8.57529644071,-6.97174142915,1.60355501156
72.0,-0.000430251595949,0.997286796286,0.99685654469,8.55748659908,-6.96519165734,1.59229494174
73.0,-0.000437102243219,0.997284910856,0.996847808613,8.53504122203,-6.94494735884,1.59009386319
74.0,-0.000444077049411,0.99730117655,0.996857099501,8.56971699418,-6.9886521301,1.58106486408
75.0,-0.000451260958337,0.997321032908,0.99686977195,8.55759894339,-6.98474018705,1.57285875634
76.0,-0.000458997510266,0.997311339705,0.996852342195,8.48923534679,-6.92481149618,1.5644238506
77.0,-0.000465992167838,0.997290982819,0.996824990651,8.47265483178,-6.91688442393,1.55577040785
78.0,-0.000472362198539,0.997287182851,0.996814820652,8.4993672396,-6.94964815714,1.54971908245
79.0,-0.000477966746952,0.997263001073,0.996785034326,8.52416047294,-6.98428410814,1.5398763648
80.0,-0.00048381983431,0.997252745747,0.996768925913,8.4673755512,-6.93221917036,1.53515638084
81.0,-0.000489837539977,0.997277143271,0.996787305731,8.44451359424,-6.92109311145,1.5234204828
82.0,-0.000496045323754,0.997313052681,0.996817007357,8.42890254426,-6.91295700862,1.51594553564
83.0,-0.000502454067854,0.997329786621,0.996827332553,8.39877775706,-6.89013142707,1.50864632999
84.0,-0.000508785097242,0.997336652081,0.996827866984,8.38744758222,-6.88307425289,1.50437332933
85.0,-0.000515705259207,0.997299031962,0.996783326703,8.39896343428,-6.901466819,1.49749661528
86.0,-0.000522482680625,0.997249533269,0.996727050588,8.43935093784,-6.95381550088,1.48553543695
87.0,-0.000528478022412,0.997211570433,0.996683092411,8.36285653465,-6.87923430022,1.48362223443
88.0,-0.000534877339651,0.997176945305,0.996642067965,8.35419449582,-6.88279633289,1.47139816293
89.0,-0.000542352260789,0.997153759808,0.996611407547,8.34302236819,-6.87943469232,1.46358767587
90.0,-0.00054985321268,0.997162875122,0.996613021909,8.28843510889,-6.83605425054,1.45238085835
91.0,-0.000557445971877,0.997209136375,0.996651690403,8.34558465106,-6.90350588344,1.44207876761
92.0,-0.000565496901978,0.997252825777,0.996687328875,8.3322671856,-6.89323934543,1.43902784017
93.0,-0.0005733448815,0.997268897953,0.996695553072,8.26889460091,-6.83670751265,1.43218708826
94.0,-0.000582171420895,0.997263114594,0.996680943173,8.23615454535,-6.81280143993,1.42335310542
95.0,-0.000592020397003,0.997243125943,0.996651105546,8.24878157663,-6.83672829828,1.41205327835
96.0,-0.000601767455263,0.997200759898,0.996598992443,8.28467037988,-6.87793649899,1.40673388089
97.0,-0.000610988146954,0.997177431474,0.996566443327,8.32419130124,-6.92535906628,1.39883223496
98.0,-0.00062054380671,0.997184408914,0.996563865107,8.18478030034,-6.78812430568,1.39665599466
99.0,-0.000630874344185,0.997178067796,0.996547193452,8.2116491232,-6.82757563847,1.38407348473
100.0,-0.000640930197462,0.997150032746,0.996509102549,8.16221671708,-6.78581608097,1.37640063611
