2.513213236216921276e-01 5.000000000000105471e-01
2.513213236216921276e-01 5.000000000000105471e-01
2.419813425122445960e-01 4.998935623534795925e-01
2.278372543250723192e-01 4.997057904136723572e-01
2.122612962549409454e-01 4.990674729619594130e-01
1.918718290304405882e-01 4.997115328498856202e-01
1.730977394265966751e-01 4.994298551067594683e-01
1.617722764471940800e-01 4.953240517793159881e-01
1.501126988223789871e-01 4.914848710839077039e-01
1.397692163697392687e-01 4.873292278668675537e-01
1.301119311076949780e-01 4.829742329176459070e-01
1.195499197685642029e-01 4.792995443516947507e-01
1.104714471492302952e-01 4.758487552892040617e-01
1.014820342021367366e-01 4.720525380222849732e-01
8.901642334117079725e-02 4.726877386888913013e-01
8.118877535390264799e-02 4.657097267795967666e-01
7.112429904407251147e-02 4.629785340630171997e-01
6.266167332534308687e-02 4.606135145687456633e-01
4.715589178495844386e-02 4.619936822588042724e-01
4.189946051676152888e-02 4.584826509019541141e-01
3.742295544630091370e-02 4.551585746669837285e-01
3.183490335863083109e-02 4.525375528930600799e-01
2.571285555918898999e-02 4.504841906525932638e-01
1.164012239368511503e-02 4.530046847057186410e-01
1.775469492274276903e-02 4.640558255695225176e-01
2.263537818782244970e-02 4.620721952201357063e-01
2.803481334875284822e-02 4.610139310976104077e-01
3.980066360961403288e-02 4.635134568303121427e-01
4.607091804279121044e-02 4.635722249467166822e-01
5.338535923383767173e-02 4.643971308645010732e-01
5.636737298602532975e-02 4.633538447657062909e-01
5.757402561090545212e-02 4.621109525151077535e-01
5.857383642468597107e-02 4.609919933925303859e-01
5.944960212661848376e-02 4.600791285874592518e-01
7.288434362582134340e-02 4.672309750102706105e-01
1.118168874349869113e-01 4.887642739153568727e-01
1.156941725621019740e-01 4.903382841995004848e-01
1.188259050954823814e-01 4.926014767495197622e-01
1.206705949643852860e-01 4.929172946925852172e-01
1.217897383967929681e-01 4.931603979934657267e-01
1.236783920278196336e-01 4.942605109134746155e-01
1.254045557980773273e-01 4.955877058088786757e-01
1.267598048622674833e-01 4.960018135480011026e-01
1.271711540356728898e-01 4.968148346632974555e-01
1.282377783237622915e-01 4.974882667778099399e-01
1.297449529037353610e-01 4.987281505319622332e-01
1.410013203713849639e-01 5.060958284328445078e-01
1.827458191160022394e-01 5.300623024877870737e-01
1.876412589590076285e-01 5.330682907686965510e-01
1.910051397801700301e-01 5.354987942940347967e-01
1.963087644922271724e-01 5.393202394850710180e-01
1.952242984626994526e-01 5.396439822749370396e-01
2.006421128224475936e-01 5.437412030530184293e-01
2.204841695965355786e-01 5.556574684697447308e-01
2.274490234284104739e-01 5.602173175931897120e-01
2.306727331255128133e-01 5.629356296811215410e-01
2.325994892449637641e-01 5.648258908182350879e-01
2.341149108969330372e-01 5.664419620857290560e-01
2.352511600108397327e-01 5.676041480523161820e-01
2.411654572116490869e-01 5.717186472735005243e-01
2.694401092264611108e-01 5.881504415432095012e-01
2.958518501742135043e-01 6.032222304540917346e-01
2.964005663636780086e-01 6.041958009612807823e-01
2.996727043424268766e-01 6.067775170710414390e-01
3.066274021274809081e-01 6.124758002637267218e-01
3.100133087980398994e-01 6.145279689825211555e-01
3.121158468784392959e-01 6.171032118606232242e-01
3.117660424147015719e-01 6.178434067530060858e-01
3.298153658512856246e-01 6.291693693559075040e-01
3.849405224913067247e-01 6.601984528859587975e-01
5.287676942072081498e-01 7.403949051232968648e-01
9.404525289959252410e-01 9.671597978778618820e-01
9.584848172876598849e-01 9.771145743081113277e-01
9.603278373333538065e-01 9.781530629411860911e-01
9.629248712127325138e-01 9.795778669571764130e-01
9.712225917004295717e-01 9.841316974510870841e-01
9.885942384766235325e-01 9.936964940797072821e-01
9.941380746160453086e-01 9.967542406462558402e-01
4.177948439734556096e+00 2.760464949128811352e+00
1.370354474334886241e+01 8.075443933028767063e+00
1.371978978943842975e+01 8.105839426706497264e+00
1.375969023826367987e+01 8.153333601598770741e+00
1.376209375184532391e+01 8.175113129769231435e+00
1.376613144192660698e+01 8.206070264940580117e+00
1.376905934695809997e+01 8.231552438218100676e+00
1.377200556723710712e+01 8.261335523952853421e+00
1.377557947140207872e+01 8.290787403333528260e+00
1.377909417982055018e+01 8.314462338896900562e+00
1.378167510614796498e+01 8.341239674944409543e+00
1.378411977357682616e+01 8.360507627497714367e+00
1.378827091216927059e+01 8.397845321629590742e+00
1.379162791395931009e+01 8.426896735874006339e+00
1.379423349877787786e+01 8.448038787695397289e+00
1.380021488105818861e+01 8.477123620684318794e+00
1.380272855229748608e+01 8.502849485346523295e+00
1.380410562934829777e+01 8.516571406360657903e+00
1.380769751012621249e+01 8.546199223391646171e+00
1.380975847121755606e+01 8.575032299743829967e+00
1.381161041095220199e+01 8.601925481501206505e+00
1.381907775454937237e+01 8.627535607347887492e+00
1.383864904399144180e+01 8.665528216503080472e+00
