1.005130255176233389e-01 5.000000000000105471e-01
1.005130255176233389e-01 5.000000000000105471e-01
9.538835533096912123e-02 4.992934382077670596e-01
8.985469988806031594e-02 4.978236477038986418e-01
8.483970031380172472e-02 4.960092276764040409e-01
7.833141963433470911e-02 4.946665745438137973e-01
7.001243282302704873e-02 4.941262173020896098e-01
6.543998629806475897e-02 4.913293396115091527e-01
6.098521165554246504e-02 4.887343815103037947e-01
5.453954083898501781e-02 4.868314216183742826e-01
5.087933023824187106e-02 4.853207177265346783e-01
4.670879052328807957e-02 4.820290004736757505e-01
4.241663299392266911e-02 4.800570145890554752e-01
3.801118024698539599e-02 4.783703568981415577e-01
3.309183970078626719e-02 4.772195548815506561e-01
2.822653081485777815e-02 4.765150222510843858e-01
2.178289139367496977e-02 4.766476742756506901e-01
1.451292362456959965e-02 4.786199223702579109e-01
1.125384344572078442e-03 4.835315657184257043e-01
1.132771361169625235e-02 4.869898730268223397e-01
3.717186440356278626e-02 4.979934579494136870e-01
4.962474240954670712e-01 7.365100664972095146e-01
1.863887113268021034e+00 1.453398243723833527e+00
1.873438761969629107e+00 1.459504274961264114e+00
1.878065015202435850e+00 1.462841659264497052e+00
1.882577817396356545e+00 1.466178624729849389e+00
1.889064255430309203e+00 1.470161394311181979e+00
1.893577226656476542e+00 1.473241063262253459e+00
1.896433767502994305e+00 1.473325563893411294e+00
1.899960742700184557e+00 1.478747086469946348e+00
1.901746987228229768e+00 1.480836860295389856e+00
1.904197834095002095e+00 1.483396289743498908e+00
1.906635183815354129e+00 1.485852707844536713e+00
1.908836881403802810e+00 1.487993199537856137e+00
1.911641056221555335e+00 1.490421244080021301e+00
1.913906392921758570e+00 1.492302072898080256e+00
1.916103877665312316e+00 1.494275051515105757e+00
1.922473566596419214e+00 1.498056247402416830e+00
1.939748610910770221e+00 1.507979237272796036e+00
1.941661477804590419e+00 1.508725374913381323e+00
1.943337476955591780e+00 1.509690455911067319e+00
1.946177237096209156e+00 1.511750638591011775e+00
1.949726561008626957e+00 1.513746541198263795e+00
1.951298208689980163e+00 1.514858745108349281e+00
1.953258731094732470e+00 1.516248514312964035e+00
1.955446161005125472e+00 1.518302911773733221e+00
1.958762270315377529e+00 1.519371069212998249e+00
1.964552125258067994e+00 1.522660677631923587e+00
1.970557208647601533e+00 1.526092147295654788e+00
1.972825863392333900e+00 1.526637566068128393e+00
1.976185546363116163e+00 1.527707053959041383e+00
1.979552624587977538e+00 1.527817078540246731e+00
1.984693776724705483e+00 1.528884772975820594e+00
1.988893963976843926e+00 1.529217638829440284e+00
1.990245526251038566e+00 1.526932173111781754e+00
1.993326350744708986e+00 1.525056018004954383e+00
1.999882136605533267e+00 1.526218402353039183e+00
2.001616464566463804e+00 1.524446877374162845e+00
2.004458882574289724e+00 1.523685676847658543e+00
2.007410265434471430e+00 1.524248594572452431e+00
2.010184841954240298e+00 1.525048545780211873e+00
2.013881075496908313e+00 1.527101276719736056e+00
2.028668491159744125e+00 1.537238513040486421e+00
2.049976028190762634e+00 1.553469803051304776e+00
2.075532626240039757e+00 1.571390098426832305e+00
2.084035206471078983e+00 1.580730255897805803e+00
2.162962296688230257e+00 1.627395640209288397e+00
2.394024223821344943e+00 1.757571774712295642e+00
2.402310148960137948e+00 1.768217450847162642e+00
2.411767721951105781e+00 1.778360414650935084e+00
2.420804988423012727e+00 1.787855285732826482e+00
2.439226938865118655e+00 1.799372663288400176e+00
2.442223651449609623e+00 1.808016798373933920e+00
2.449498248566883696e+00 1.815407227157695980e+00
2.467838760696652312e+00 1.829024290281179743e+00
2.476489605750522571e+00 1.837881762760050552e+00
2.482171095916989145e+00 1.843112690181125668e+00
2.483661002722860722e+00 1.845154973903849305e+00
2.485942459277136418e+00 1.846218306441353318e+00
2.490463422410934768e+00 1.850448544514518234e+00
2.491769750125658156e+00 1.852213660819046703e+00
2.493612064247566096e+00 1.852626350670889543e+00
2.495201761413925912e+00 1.853721566701410417e+00
2.499904903515907328e+00 1.856612046104086255e+00
2.514831090038944783e+00 1.865614507381755383e+00
2.522871284075460352e+00 1.871098843553579139e+00
2.524166001671519499e+00 1.870937309356149214e+00
2.527537370019147911e+00 1.874492893789115433e+00
2.532991586678990714e+00 1.879397718713761156e+00
2.534442442161322084e+00 1.882511468806090216e+00
2.541148735005578363e+00 1.885965517449607720e+00
2.555472315194616595e+00 1.897956407330778195e+00
2.567781771104627353e+00 1.907730140634352534e+00
2.599865043138822607e+00 1.928463983521004677e+00
2.601178886965353598e+00 1.930175007529614239e+00
2.602582968109852235e+00 1.932814926096507513e+00
2.605059823677938535e+00 1.935455668728855549e+00
2.606772405723446262e+00 1.935408182940050681e+00
2.609020034868696492e+00 1.937163499565871305e+00
2.610737009087616300e+00 1.937609969929897202e+00
2.611870202341686209e+00 1.938381676121766262e+00
