2.418032653070943949e-01 5.000000000000105471e-01
2.418032653070943949e-01 5.000000000000105471e-01
2.324101245165031970e-01 4.999730887332137219e-01
2.179175732394297016e-01 5.000244348726373689e-01
2.022458556311360900e-01 4.995368742268628259e-01
1.743951032186303873e-01 5.035060372322375244e-01
1.293439323541203390e-01 5.146897486334220950e-01
1.189423511268005995e-01 5.106534357418881509e-01
1.080966940462964043e-01 5.069175790014806005e-01
9.669091345301539242e-02 5.037129436086532630e-01
8.545069192521902168e-02 5.003116135158560684e-01
7.575563671497650975e-02 4.969464417025486469e-01
6.451488735073550307e-02 4.948756437905491024e-01
4.230442263773902950e-02 4.980935639165994244e-01
2.899768113674417586e-02 4.980441696895416270e-01
1.984702993558991671e-02 4.938729012588303213e-01
4.152216769376615609e-03 4.945352486918144774e-01
8.768051769113604848e-04 4.910474661756649151e-01
8.653313785869186717e-03 4.888014738242094648e-01
1.966201485101955887e-02 4.888642550512192209e-01
2.334509004444840913e-02 4.859870782443766468e-01
3.407660091252880802e-02 4.868253931564545667e-01
5.856713095767494826e-02 4.949585763408473338e-01
6.218863185609409261e-02 4.923347879195568155e-01
6.512602968902464484e-02 4.898298363138266498e-01
6.985866277079362530e-02 4.884445204245592143e-01
7.231560893499876241e-02 4.863863118496216664e-01
7.705879731329103033e-02 4.860447758598830936e-01
8.424614720908013554e-02 4.876088685237644493e-01
8.778755657373786547e-02 4.860229732898980193e-01
9.199402893554220473e-02 4.862309789958062511e-01
9.427388706822814601e-02 4.860835220678221824e-01
9.727319161835100425e-02 4.860293869038673775e-01
1.007407907586550799e-01 4.865062582963642912e-01
1.020709581601916549e-01 4.863145618677002791e-01
1.058623208013803885e-01 4.876209807861787704e-01
1.116215434851310917e-01 4.900932629809400254e-01
1.158882014395582055e-01 4.919775217834733150e-01
1.218413768367793970e-01 4.942684413253996545e-01
1.222772578116853581e-01 4.940141542130909169e-01
1.242114352882855849e-01 4.947680219311627048e-01
1.251381012122871339e-01 4.944583438238398521e-01
1.268064590334985475e-01 4.953040637802979540e-01
1.300791722368239700e-01 4.972393482645281471e-01
1.325138046057057761e-01 4.986135424700855467e-01
1.336673168144554003e-01 4.994529002911061166e-01
1.350537207128041373e-01 5.005919621241334827e-01
1.372752115723219757e-01 5.018559677280882703e-01
1.381870503837440423e-01 5.027805076136795392e-01
1.402562441352752376e-01 5.042682070763673252e-01
1.406913120347507984e-01 5.051487811718256005e-01
1.412638928053841225e-01 5.061223555879065250e-01
1.417105395942550028e-01 5.071878119288026898e-01
1.427837346657180317e-01 5.090892276540863737e-01
1.491586301410714743e-01 5.143926841900547942e-01
1.507013638537593181e-01 5.159122886468298086e-01
1.515203859102486339e-01 5.169465604337847298e-01
1.531118102366982037e-01 5.189257636100222948e-01
1.547546548969994940e-01 5.213555750434578639e-01
1.552780642654125742e-01 5.236233455985873642e-01
1.590085735195410910e-01 5.271222708500523657e-01
1.692342546736474163e-01 5.346357859289038172e-01
1.872433368922743480e-01 5.460179964661662222e-01
1.901209115905976299e-01 5.490679864888914352e-01
1.998323985424428628e-01 5.580449614880504949e-01
2.322457044767408940e-01 5.754697990529388241e-01
2.339675725546606078e-01 5.781396014149892126e-01
2.352694359756831444e-01 5.798749841834165419e-01
2.370237646864023773e-01 5.820246294724487068e-01
2.395609681703265159e-01 5.840644171962353637e-01
2.428854306248018902e-01 5.868304239267595479e-01
2.774518528619280833e-01 6.066595982947459165e-01
3.655705776472075175e-01 6.550454718156208944e-01
3.672990834418015660e-01 6.562148476705954581e-01
3.697114110371881868e-01 6.577792308103468377e-01
3.807648075410474120e-01 6.630764703253639869e-01
3.857262748971479471e-01 6.649108425264698141e-01
3.946723727065700182e-01 6.685412431113555431e-01
3.981404594266003683e-01 6.690877971299959981e-01
4.039746193265272844e-01 6.711548501538253664e-01
4.195452824935326230e-01 6.778768003060506864e-01
4.241587932159410212e-01 6.788834540510699789e-01
4.287946755093636764e-01 6.802117615612474077e-01
4.335851595713818840e-01 6.814208860833217418e-01
4.457621301854660656e-01 6.863507774581086851e-01
4.704892143326654397e-01 6.986406736799009032e-01
4.740353784699544715e-01 6.991281092584141765e-01
4.786726703824255580e-01 7.002893441346370595e-01
4.869640500864788613e-01 7.034390752536224811e-01
4.916026171013720414e-01 7.046645441382011210e-01
5.031444828572699812e-01 7.103709510020403961e-01
5.177982826507122605e-01 7.172362391606115217e-01
5.231050712877297615e-01 7.193148245953129294e-01
5.333045130613307538e-01 7.244149085879595384e-01
5.376212664236024175e-01 7.259794766402819510e-01
5.396393676025722508e-01 7.262769737681070703e-01
5.422671844545261521e-01 7.264862839798457150e-01
5.442740117488141793e-01 7.265704897215309321e-01
5.492351096710302860e-01 7.282080995676817325e-01
5.505444939501299428e-01 7.278603972319226401e-01
5.930030758167941229e-01 7.524991281003742261e-01
