2.697148098857161669e-01 5.000000000000105471e-01
2.697148098857161669e-01 5.000000000000105471e-01
2.600885534468418414e-01 4.998895996561041333e-01
2.447848663363834110e-01 4.998781335578496021e-01
2.272744295401481207e-01 4.996821387730475683e-01
2.051813660945489282e-01 5.005658999642692564e-01
1.860486231520459277e-01 4.999038574044124550e-01
1.707832756841334287e-01 4.970778732070341710e-01
1.518839472543984381e-01 4.958078130630149682e-01
1.401002881389930843e-01 4.919258292828569412e-01
1.664780558782960052e-01 6.216838253135151815e-01
1.045907460733687122e+00 1.021195277404275847e+00
1.060681140431345426e+00 1.028493524514371815e+00
1.072317304758594769e+00 1.034491704691178127e+00
1.082666827512170693e+00 1.039768241367561963e+00
1.090759831993435736e+00 1.044672560274790829e+00
1.100991747807444909e+00 1.050495126278013114e+00
1.105879979062027063e+00 1.053654601158569681e+00
1.111372523622735420e+00 1.057184832382059181e+00
1.116571480225004409e+00 1.060592949858314871e+00
1.123159764281877138e+00 1.064764201233201701e+00
1.211459507516378320e+00 1.112366748583964560e+00
1.465446618487983299e+00 1.249790300128010623e+00
1.471013974457164863e+00 1.255380208563098732e+00
1.482834784449563070e+00 1.264317079636851027e+00
1.508529726225795509e+00 1.280838153890142550e+00
1.516870418074933946e+00 1.287978557065956986e+00
1.520318722726234473e+00 1.292165872732700338e+00
1.523485492296572819e+00 1.296075492568676824e+00
1.526773554449092130e+00 1.299825067368614251e+00
1.531214625124181383e+00 1.304115151278229412e+00
1.537661061358715608e+00 1.309163162425694527e+00
1.558784207381185727e+00 1.322530698014437789e+00
1.561727203525506091e+00 1.325376115063919391e+00
1.956243420284171863e+00 1.554472821597415955e+00
3.129863712588380142e+00 2.239615163261792663e+00
3.132253178060889098e+00 2.244731668732293350e+00
3.134175197761373433e+00 2.248411842604682853e+00
3.135760827486229640e+00 2.250845847060436000e+00
3.136090361562759110e+00 2.251036426728940221e+00
3.136344160030064110e+00 2.250704643746435973e+00
3.142246768585215122e+00 2.253363984946163523e+00
3.156838383499754652e+00 2.261357750064116434e+00
3.158702601499290274e+00 2.262186080892717666e+00
3.159641456976848062e+00 2.261693684623984790e+00
3.160594124173529362e+00 2.261139555261473699e+00
3.162019158595520629e+00 2.260289728113369812e+00
3.165682602233123699e+00 2.260683212897133476e+00
3.167044617226356440e+00 2.257419993511406542e+00
3.170602102753523610e+00 2.258851302178628284e+00
3.171319408615733693e+00 2.256012279715004620e+00
3.172769384771038759e+00 2.255458679283326884e+00
3.175124215526752280e+00 2.254269483739410607e+00
3.181299007900357356e+00 2.255058960101203436e+00
3.185901299214578319e+00 2.254834997218444936e+00
3.188783633987999355e+00 2.253803693494450311e+00
3.190232963152639822e+00 2.250934438476275723e+00
3.198309841062681347e+00 2.252373261349260414e+00
3.207451077561451758e+00 2.255365369023621280e+00
3.209194116325055468e+00 2.253050284409897408e+00
3.210929056720516428e+00 2.250019843317324852e+00
3.213337012162463591e+00 2.246860740796780220e+00
3.217650610211631790e+00 2.244269217188136434e+00
3.219730706760179917e+00 2.241061667501941468e+00
3.220059005256759477e+00 2.237827408283814545e+00
3.222856978907497449e+00 2.236732569230068801e+00
3.228557657794769220e+00 2.236043896939284625e+00
3.230866802378692615e+00 2.232218720689009395e+00
3.240191455581902691e+00 2.233094570018721026e+00
3.247064867080065476e+00 2.232192331586048795e+00
3.250612725764575828e+00 2.228941264998396843e+00
3.257621255627462187e+00 2.230137508689237436e+00
3.258819203791718522e+00 2.228306730381827361e+00
3.259647759472253270e+00 2.227711562958072378e+00
3.261008298132838767e+00 2.228374955320044482e+00
3.263745031876096547e+00 2.230188673329762672e+00
3.265926656598158839e+00 2.234120258401148806e+00
3.269447290806981155e+00 2.238567541950271078e+00
3.279842305660444879e+00 2.247170781348305724e+00
3.303053372269569632e+00 2.264422396505074708e+00
3.305879062201995122e+00 2.270097261446228476e+00
3.311093268274400980e+00 2.279401157922283705e+00
3.321671874533777657e+00 2.290125558881687784e+00
3.367256444617525712e+00 2.320393419520973666e+00
3.499601583779668790e+00 2.403758868911267665e+00
3.504011637852932015e+00 2.412533438062478552e+00
3.511438370968917866e+00 2.421852907031726065e+00
3.513824927265852160e+00 2.430262242499932945e+00
3.521564443777659648e+00 2.441965604484773511e+00
3.532551068311820863e+00 2.451638466923454551e+00
3.535807263288118563e+00 2.462876994199019176e+00
3.538134790945947739e+00 2.472905174889711066e+00
3.540687095244442695e+00 2.483293092066216179e+00
3.546276682998100505e+00 2.494325768083826667e+00
3.556018744453045333e+00 2.508476270702973743e+00
3.558578722622622426e+00 2.516953499542024630e+00
3.564273947983690238e+00 2.527406058177681381e+00
3.569464030300252055e+00 2.537847367146523592e+00
3.576296682585459408e+00 2.548928585171995387e+00
3.578901975607496677e+00 2.556465010159560070e+00
3.582382969926503069e+00 2.563875943510459443e+00
