3.326873801606200498e-02 5.000000000000105471e-01
3.326873801606200498e-02 5.000000000000105471e-01
3.107108306735932926e-02 4.984540684822204581e-01
2.994565170425307274e-02 4.961190052442427390e-01
2.846412826913597913e-02 4.945256280114620484e-01
2.546193097473039429e-02 4.939505292256551883e-01
1.969584197997526279e-02 4.950853066622570298e-01
1.777890590873164658e-02 4.939293165835031973e-01
1.596291692241714674e-02 4.929550787138569090e-01
1.367140059828790381e-02 4.924993743187093265e-01
1.222031206808934720e-02 4.922462332097528037e-01
1.108271326819567325e-02 4.918434974393656178e-01
9.581137075575694995e-03 4.914486678540390119e-01
1.934621335790587043e-03 4.968124211825886705e-01
2.904414681993494965e-02 5.104134445650402307e-01
3.018503421969215283e-02 5.114758592016124261e-01
3.246071412579516757e-02 5.133634314278637811e-01
3.447845871584945959e-02 5.148361861658522498e-01
3.735413950499521379e-02 5.168232535278517448e-01
4.426557389711009705e-02 5.211346754976623474e-01
4.574898051841645719e-02 5.214599350230569863e-01
4.650683569782077670e-02 5.226007222335596891e-01
4.760384901403665742e-02 5.219731451526138377e-01
4.895358338796206715e-02 5.216838521287399111e-01
5.173655876631726158e-02 5.223764991590514883e-01
5.414150983930217376e-02 5.228987739564465720e-01
5.519517351232534896e-02 5.226582328624328477e-01
5.609530686622436063e-02 5.217139704722224547e-01
5.791272333281474033e-02 5.208545504345657440e-01
6.097776123675220650e-02 5.204107828071603548e-01
6.480827338271991089e-02 5.209749699112932175e-01
7.510450953805325458e-02 5.241963715233060039e-01
9.066020427860807529e-02 5.308733041509781092e-01
9.158364314992567534e-02 5.298552281832135114e-01
9.242523516383080451e-02 5.292561296874108701e-01
9.314396807208394358e-02 5.294260504847585480e-01
9.360915666569047389e-02 5.299018649480594645e-01
9.505512484658938666e-02 5.309525785099020734e-01
9.798151831395741918e-02 5.326197891707290522e-01
1.052131627276846615e-01 5.367993080590054422e-01
1.098424775907713424e-01 5.405712151149794087e-01
1.141533101458811345e-01 5.440744691281172996e-01
1.194477092935256057e-01 5.483588673941995895e-01
1.217546175822855486e-01 5.509596555295781517e-01
1.230657569341211122e-01 5.535035094476427053e-01
1.236214781139947094e-01 5.565071582970791964e-01
1.260322864767608741e-01 5.601335366827574491e-01
1.274981050857593168e-01 5.627289868035407761e-01
1.286878844514961484e-01 5.641482453114602391e-01
1.306077384451201640e-01 5.662509704517896258e-01
1.339216335041821526e-01 5.681933873736947360e-01
1.375727930764718276e-01 5.696531339826642615e-01
1.402274077999166868e-01 5.703332929599383982e-01
1.421177611949961672e-01 5.705255958452991605e-01
1.432064864224907585e-01 5.702349886852162708e-01
1.449663097285092128e-01 5.701296655099256094e-01
1.460269684877839313e-01 5.694126381138658877e-01
1.477050642650414025e-01 5.681434804941916106e-01
1.507299740369451024e-01 5.671076585205290232e-01
1.543513552266578548e-01 5.667199167214217459e-01
1.647528409287289386e-01 5.693285043786969757e-01
1.678337113102576217e-01 5.679484065896226452e-01
1.726432926338091756e-01 5.679541366713163342e-01
1.733937449922875740e-01 5.668042981346144149e-01
1.752088933095309886e-01 5.661356462437853176e-01
1.777983124314867214e-01 5.659028371063545837e-01
1.783100754469721660e-01 5.643259511522827898e-01
1.821410793969642505e-01 5.665580121176244655e-01
1.913973634633137355e-01 5.706858971279398229e-01
1.927945910936529617e-01 5.713164926936715737e-01
1.931871935549732133e-01 5.726262661612909755e-01
1.934852289863234764e-01 5.736671281903824582e-01
1.966656890221824550e-01 5.768960301058974061e-01
2.068746676149508523e-01 5.825648015832669557e-01
2.088456398432347316e-01 5.833801406798079237e-01
2.128619522430167943e-01 5.855858438830234824e-01
2.130924296980392929e-01 5.863270189781659703e-01
2.143871542751384363e-01 5.873981582526281997e-01
2.200318049207308502e-01 5.902578634705053506e-01
2.271038039746064996e-01 5.943905252263550487e-01
2.276841383847981459e-01 5.952798974423528788e-01
2.290283284316114443e-01 5.958755502897300493e-01
2.300895153766497336e-01 5.965963830083305108e-01
2.307305888220761714e-01 5.979133414510452438e-01
2.331014696651064200e-01 5.998903294664136299e-01
2.392718616162545775e-01 6.033345943199650563e-01
2.397506516875708149e-01 6.031201902716024632e-01
2.509030528246659619e-01 6.088941024542174896e-01
2.842415178043827262e-01 6.255266253520346265e-01
2.851420468555441734e-01 6.256040272292252569e-01
2.879878751828910954e-01 6.259501439660070110e-01
2.912650125316242344e-01 6.271182792210500123e-01
2.944331723892778530e-01 6.290043318650536674e-01
3.033380875604534399e-01 6.333073256163503917e-01
3.038660560278999001e-01 6.340433125219376853e-01
3.087353870120952415e-01 6.347278224514848466e-01
3.231328079419971133e-01 6.406679910797524746e-01
3.316073140944761910e-01 6.436284433213108613e-01
3.325487325371244696e-01 6.430889935053303308e-01
3.331210193651027440e-01 6.415959127981666343e-01
3.339821382172149522e-01 6.415492890347374022e-01
