5.631386425748591273e-02 5.000000000000105471e-01
5.631386425748591273e-02 5.000000000000105471e-01
5.304482243041932360e-02 4.987798945703221798e-01
5.033311035504917791e-02 4.967711368797169125e-01
4.783193885118570271e-02 4.949475589748599247e-01
4.389561095851947370e-02 4.939635952695110577e-01
3.938283534786576889e-02 4.933240167220678818e-01
3.730548037935187133e-02 4.911822011449811787e-01
3.554603435713804549e-02 4.890689406116705551e-01
3.330901714091857174e-02 4.873029140325463304e-01
3.145094594485677714e-02 4.864375132516572942e-01
4.428200795716464439e-02 5.215888323617277056e-01
2.731403665492849742e-01 6.345903334139276764e-01
2.835813404120937631e-01 6.384537066135034244e-01
2.851731809918091609e-01 6.382910167334412410e-01
2.863144058570449846e-01 6.382802021001932058e-01
2.970153783071048936e-01 6.430632613836225753e-01
3.260361531809217728e-01 6.574607955526667880e-01
3.320942285842538033e-01 6.602091675795089820e-01
3.399894140194228975e-01 6.639709378833505982e-01
3.416400913320626898e-01 6.639835166576009140e-01
3.432883851657894669e-01 6.648104911784190607e-01
3.459812154940416495e-01 6.657101376710471419e-01
3.464125217748094676e-01 6.655754110152157788e-01
3.477484750529160618e-01 6.659319551317471886e-01
3.527922570762230259e-01 6.679141796281227172e-01
3.537465993658582830e-01 6.678871445571872290e-01
3.555548974594066602e-01 6.683792119968023915e-01
3.581614217222187646e-01 6.681706623755857555e-01
3.664137607206996994e-01 6.716011065301602523e-01
3.728258933961784982e-01 6.737596182866626426e-01
3.746250835449347338e-01 6.735552490909308965e-01
3.758564579154772267e-01 6.730046095611684764e-01
3.771402676634831308e-01 6.729852555377475731e-01
3.791994872110484027e-01 6.738010905875444490e-01
3.826040683102522322e-01 6.773135248213293380e-01
3.835579653966427194e-01 6.764126111176778089e-01
3.862006087041679470e-01 6.768441650246659336e-01
3.924675623637894906e-01 6.804066651911792052e-01
3.933902032923541348e-01 6.809123537220392874e-01
3.956001773507516472e-01 6.822049336200495251e-01
4.017384006398570517e-01 6.861776123083698220e-01
4.078109842037009325e-01 6.903243088103643288e-01
4.236363740454877624e-01 6.990544844037072103e-01
4.253859707439902604e-01 7.005815883090299456e-01
4.259326018684285176e-01 7.022255524706290108e-01
4.270594515407103442e-01 7.040939476854939372e-01
4.286592030741671611e-01 7.053546032179259795e-01
4.300925788548892736e-01 7.070005527051139715e-01
4.315975446299087914e-01 7.097501996285764392e-01
4.345605769094837423e-01 7.120749544080364757e-01
4.398540527521340171e-01 7.148076150482093327e-01
4.510636276790169763e-01 7.207562844388863965e-01
4.535222028856011889e-01 7.209470788017616760e-01
4.552067936887205790e-01 7.214756408537839061e-01
4.579712984395439834e-01 7.226628810602998554e-01
4.630313593978876430e-01 7.253262856915552170e-01
4.644470407171583104e-01 7.260240011042520258e-01
4.657952756251404480e-01 7.257961252766955695e-01
4.691235651425262332e-01 7.263966548595093276e-01
4.714511093227360394e-01 7.269011110855519986e-01
4.732981447972807731e-01 7.272510988251528197e-01
4.748001276301372919e-01 7.274040188088949366e-01
4.764275748595698246e-01 7.277961508094159537e-01
4.797380912693300359e-01 7.277973595121577377e-01
4.926463018004272332e-01 7.330686911190333888e-01
5.086535945259090807e-01 7.402254227369847728e-01
5.099995603420586221e-01 7.397734976111723926e-01
5.128116043727676265e-01 7.401549624309240460e-01
5.159998285368778692e-01 7.408413509928085672e-01
5.223627948365399121e-01 7.439345662543005444e-01
5.338400635125232219e-01 7.492906914012860131e-01
5.349320582743147812e-01 7.487493424280072807e-01
5.363591013825514953e-01 7.493096448645620855e-01
5.380137501785481335e-01 7.504941010589374351e-01
5.388082217315656175e-01 7.512969589445392948e-01
5.397293523308175356e-01 7.514674952026941801e-01
5.417017331635830546e-01 7.520293650469707103e-01
5.433443594661118148e-01 7.528827332461230926e-01
5.443700072659608535e-01 7.535422325211778016e-01
5.471422354564877688e-01 7.541730426950189470e-01
5.496547234564710394e-01 7.545709220494629665e-01
5.515013007610222173e-01 7.550056512594442992e-01
5.547837232310292022e-01 7.563700397455099811e-01
5.578413685048128068e-01 7.576130068106882165e-01
5.587849127910508029e-01 7.576435976914550618e-01
5.603507900459691049e-01 7.583953171101647239e-01
5.625954562193490327e-01 7.598617167940824313e-01
5.752858274362929736e-01 7.670326432794329907e-01
6.046084177115075287e-01 7.832885388738346499e-01
6.119699642473087620e-01 7.872983927405821092e-01
6.124067041983489723e-01 7.882316576000567565e-01
6.130528852101202464e-01 7.888621793496440882e-01
6.136116769527908410e-01 7.902364621838582348e-01
6.145047415580042749e-01 7.915126405329288017e-01
6.158268812757007327e-01 7.929134124260061034e-01
6.254329860113576611e-01 7.981767180329720768e-01
6.477816258728974486e-01 8.098572631517312326e-01
6.515298630255195178e-01 8.123924039231128491e-01
6.587153678169169746e-01 8.167847803012897590e-01
6.597147366403495194e-01 8.167053387816732846e-01
