2.799534914885165593e-01 5.000000000000105471e-01
2.799534914885165593e-01 5.000000000000105471e-01
2.769193280339307672e-01 4.994636002954555010e-01
2.717491086380111609e-01 4.993345530383122011e-01
2.652827270274797367e-01 4.989796486896010963e-01
2.582758797718280319e-01 4.984656925681715256e-01
2.510349179237300055e-01 4.977228643533114227e-01
2.387145854404700007e-01 4.989764648868523778e-01
2.164854162625027556e-01 5.039271530494759954e-01
2.080605236690730719e-01 5.031372049136079161e-01
1.990975139938767902e-01 5.026101376143742305e-01
1.903952247336878900e-01 5.017938439531632877e-01
1.824226269941554568e-01 5.005655567071830570e-01
1.755072823474901622e-01 4.987441741974674714e-01
1.683127968754536963e-01 4.971279294744840316e-01
1.612257690717417702e-01 4.953001828673962992e-01
1.561546720780378483e-01 4.929604531038161985e-01
1.511926038737044231e-01 4.904986841475928450e-01
1.452137180511247072e-01 4.884678236659540373e-01
1.381354966680248542e-01 4.867967999680146707e-01
1.343445427835796846e-01 4.841349016791495763e-01
1.297040826811881598e-01 4.818859188453490372e-01
1.234452987633439802e-01 4.805164645111859034e-01
1.171219038162683995e-01 4.789274986448505689e-01
1.126177943855159319e-01 4.768718908961267489e-01
1.089279882225892698e-01 4.745457204058459721e-01
1.053837842752162468e-01 4.721964557930908302e-01
1.017628401529563076e-01 4.709462490830590431e-01
9.724724325120916169e-02 4.681191674407844672e-01
9.314467580751056852e-02 4.658813004891004250e-01
8.925986638543742524e-02 4.635876485099946764e-01
8.590563067317094625e-02 4.611436544156505279e-01
8.289821412906396569e-02 4.587658962237158300e-01
8.007550566933545333e-02 4.564919560502667673e-01
7.711055257417295805e-02 4.542737426756789376e-01
7.394894862475263897e-02 4.521502276838924583e-01
7.136516612198753884e-02 4.499293409703348789e-01
6.845388811653327354e-02 4.479339759696420731e-01
6.565735079384917017e-02 4.460263743070468911e-01
6.301723340141540675e-02 4.442804940843039230e-01
5.889211597385057839e-02 4.432549899826876416e-01
5.492835103442069572e-02 4.422544430400305870e-01
5.113249979961442121e-02 4.413598209877108158e-01
4.952969974282207116e-02 4.394867320435619229e-01
4.732872287783564114e-02 4.376865707940291172e-01
4.542404579324670066e-02 4.358343716105463894e-01
4.319132072370664155e-02 4.343322628322028311e-01
3.979906216854368906e-02 4.333788326197191010e-01
3.840606136922267849e-02 4.316811723583095506e-01
3.658717058576035908e-02 4.302090846880731179e-01
3.517393445887910530e-02 4.287309750468398239e-01
3.163742019596507693e-02 4.280702774676812261e-01
2.979956369137195735e-02 4.268574055635757092e-01
2.800240959252506615e-02 4.256543507963037043e-01
2.695623211080137166e-02 4.242386174339187743e-01
2.513121644514189693e-02 4.231397569930707148e-01
2.453160269489438466e-02 4.217983213031507028e-01
2.360755745144695397e-02 4.207941089853600158e-01
2.316590952569350798e-02 4.196882388391667829e-01
2.253802097733835150e-02 4.186465766439127489e-01
2.170718290677908432e-02 4.178421668881546758e-01
2.096277034248367546e-02 4.172548016157178186e-01
2.019447500808622606e-02 4.167032959241931400e-01
1.924147576599579898e-02 4.162477724988178363e-01
1.800660925909001661e-02 4.159584997627017167e-01
1.702184415062965236e-02 4.155258736892097349e-01
1.681030698919063621e-02 4.148577871208188328e-01
1.664713634466735356e-02 4.144355613970981400e-01
1.257589048452790320e-02 4.164166977454106244e-01
3.305880891682337532e-03 4.209709547088960058e-01
3.498318333421580103e-03 4.205813797463557879e-01
2.706631985351652409e-03 4.205565327756528582e-01
2.494237470480044523e-03 4.204194523690204521e-01
2.442349874857459822e-03 4.203311141168569187e-01
1.251683877026094722e-03 4.210997027869860521e-01
2.558698095251916906e-03 4.234643878937239814e-01
3.913565982532339269e-03 4.245125205166990767e-01
7.031868423071492916e-03 4.262528947532617241e-01
7.597725515285118879e-03 4.266083467031301923e-01
7.565956150207019115e-03 4.269370939138129595e-01
6.598046409670139598e-03 4.270579326605343784e-01
6.290986580055293875e-03 4.273863864206552954e-01
6.223678316751745342e-03 4.279961393808064951e-01
5.758950578867030358e-03 4.288139674119686995e-01
7.163764311100605763e-03 4.301398889262311731e-01
6.836663660192274748e-03 4.302601134662792925e-01
8.498603764132205834e-03 4.313892981121115744e-01
1.092855913605677264e-02 4.335226196610897920e-01
1.356519900591586850e-02 4.349300534846179955e-01
1.368438721039065380e-02 4.349159058009041123e-01
1.365849528051770768e-02 4.351072065561330526e-01
1.409801128894597709e-02 4.355070966363517315e-01
1.441085723673491727e-02 4.359897071790084233e-01
1.486426561014864839e-02 4.366939784467331886e-01
1.523323148679890313e-02 4.375688742100217188e-01
1.553048043423396057e-02 4.384116530567136460e-01
1.596014141559112462e-02 4.386421365094030356e-01
1.627269420817047466e-02 4.391848930374949722e-01
1.611532437409477284e-02 4.396388117442300292e-01
1.753274164799106805e-02 4.408967265207524022e-01
2.390666487203443186e-02 4.448048938404677299e-01
2.449463680614448122e-02 4.457138261129409140e-01
2.736663241607624128e-02 4.475996457989894206e-01
2.793758700994013883e-02 4.482868884402325116e-01
2.773395522046779443e-02 4.487024464891094522e-01
2.774518536043422620e-02 4.492735453276683888e-01
2.770037595710555037e-02 4.499013207927783364e-01
2.795073664620252932e-02 4.504683474248284969e-01
2.759827576848428166e-02 4.507709297519203462e-01
2.795525293361971961e-02 4.514311036617110751e-01
2.807227600494426045e-02 4.524649462915914522e-01
2.824449077586039039e-02 4.530911024758402794e-01
2.988937796398477217e-02 4.543049425741126357e-01
3.042745194021127461e-02 4.549580955131917737e-01
3.030144495182774539e-02 4.555746575379113206e-01
3.285759359198392460e-02 4.573261217354240848e-01
3.290131762204421412e-02 4.579338554029925845e-01
3.328912246292920624e-02 4.587244166677483803e-01
3.362107981113148653e-02 4.594719104853827174e-01
3.423975470051784237e-02 4.603103714470109797e-01
3.440123157204309085e-02 4.610975032581659527e-01
3.509960140293261893e-02 4.621957961416578442e-01
3.496870423943689715e-02 4.629562518516796010e-01
3.561479942282507610e-02 4.640903698068383765e-01
3.675774812582326134e-02 4.655982406730959089e-01
3.843077633265563203e-02 4.673149701303459524e-01
3.840223879337270607e-02 4.680555247366814386e-01
3.912220494167849977e-02 4.689341389804433380e-01
3.933508343506574023e-02 4.698474376436359012e-01
3.946194790804130603e-02 4.704003295452131028e-01
3.978007719509571438e-02 4.712714595928358952e-01
4.218798457144409125e-02 4.733768651179709464e-01
4.255491538273154656e-02 4.745948122261653412e-01
4.277506024016533570e-02 4.759335854091843454e-01
4.279403791114244626e-02 4.772381091728896685e-01
4.390851836115925583e-02 4.790913725927993250e-01
4.549201227297705596e-02 4.810797226379185942e-01
4.541053373510212099e-02 4.821480146708866377e-01
4.627728900528262079e-02 4.840432672369416878e-01
4.677746187642418951e-02 4.849018384937878179e-01
4.802328237325594745e-02 4.868098839928165500e-01
5.731313194875264916e-02 4.928834768521654919e-01
6.883105407342185456e-02 5.001676234199794457e-01
6.970677700349578454e-02 5.015044367600601793e-01
6.944249511028462163e-02 5.023154431930547670e-01
6.984524669364268468e-02 5.037564346091231160e-01
7.036061606284359227e-02 5.051193352404804715e-01
7.145611749878204300e-02 5.065847585923728413e-01
7.227279492484317558e-02 5.081415370681879873e-01
7.225525092789328307e-02 5.090516276836396514e-01
7.276107698352289599e-02 5.099137822567041400e-01
7.495203289378078726e-02 5.112035127827493364e-01
7.640613296167703128e-02 5.117655364524221762e-01
7.847478431037142876e-02 5.126068512419257317e-01
8.013978028085362582e-02 5.132696497196120866e-01
1.358958394522071511e-01 5.426294311833508299e-01
3.001415351023555833e-01 6.291397324278340530e-01
3.011560553178587174e-01 6.296199155631980737e-01
3.031093143857265804e-01 6.303380317747531159e-01
3.051079917557004695e-01 6.308694100745778632e-01
3.088206706528802137e-01 6.322715258083703160e-01
3.085802499196163562e-01 6.318586001265626972e-01
3.104153860930402020e-01 6.321381329646017511e-01
3.132758185902477788e-01 6.332656162467797945e-01
3.224486366405873161e-01 6.375234693827550592e-01
3.255937917875448284e-01 6.386930327084011649e-01
3.332674828574357928e-01 6.422586018017250042e-01
3.363093249619305003e-01 6.426913259385557131e-01
3.376444761156564001e-01 6.424422188955577484e-01
3.414329724926499221e-01 6.436339736575446002e-01
3.490619087676090082e-01 6.469190236723869614e-01
3.504292628622697192e-01 6.470323212962652004e-01
3.534250897733933749e-01 6.476174065179942652e-01
3.552275629154468817e-01 6.477686700543898723e-01
3.569754880667403985e-01 6.479719768310094885e-01
3.583595509246239597e-01 6.478590945867777062e-01
3.596040162771707571e-01 6.476409717456026449e-01
3.611568868949684430e-01 6.474685127179532484e-01
3.628798688236695713e-01 6.472192877637668040e-01
3.636179911264086906e-01 6.465371755334323733e-01
3.645654938469175543e-01 6.460551442487661999e-01
3.658536067993812257e-01 6.457674779471626048e-01
3.687276276591843760e-01 6.461579912422829031e-01
3.710120551736376115e-01 6.463187428374443932e-01
3.735892506475035346e-01 6.467527281456447730e-01
3.758164666287488465e-01 6.469933645208579831e-01
3.777276442617050756e-01 6.471565231259862605e-01
3.805646001099323161e-01 6.477645345503413310e-01
3.868668888794727923e-01 6.505243121181981669e-01
3.981835784479406670e-01 6.553753469876815174e-01
3.997461934673136041e-01 6.552418891817031188e-01
4.008606753225323338e-01 6.549638849460670542e-01
4.019492726321847731e-01 6.548509966710156505e-01
4.038367183843807884e-01 6.549868011043633587e-01
4.053134621101094903e-01 6.548863075949624690e-01
4.067906276367233565e-01 6.549688013570876821e-01
4.084656414036770822e-01 6.551082641243313187e-01
4.099850063275069512e-01 6.553242365198261865e-01
4.126297776239861714e-01 6.563223067618698670e-01
4.193883780160762020e-01 6.596642037728668306e-01
4.323971528261581487e-01 6.662296177459094970e-01
