2.757130996824548874e-01 5.000000000000105471e-01
2.757130996824548874e-01 5.000000000000105471e-01
2.662369426477435574e-01 4.997688157861315261e-01
2.505794555276715796e-01 4.997811853168726559e-01
2.328655432997801533e-01 4.995268137917647788e-01
2.097855376431094765e-01 5.006600444166958708e-01
1.903547987427625376e-01 5.000008948691364585e-01
1.763985322094580865e-01 4.965073445913159578e-01
1.615318027925858602e-01 4.933688790306369198e-01
1.496194659853982700e-01 4.893945372013042139e-01
1.361337942243649457e-01 4.859632302227123168e-01
1.245560181719540943e-01 4.825847514503610047e-01
1.080215343990187649e-01 4.813429852436725276e-01
9.878128863276088023e-02 4.775350571973081548e-01
8.975899711710348672e-02 4.822918158551451340e-01
7.842642467874814949e-02 4.708320153633041572e-01
7.006901797409319232e-02 4.668256376888716419e-01
6.396359858763044082e-02 4.626512025731672195e-01
5.656339230583599248e-02 4.591521184297984171e-01
5.160237831271981962e-02 4.550981738370886709e-01
4.517680144998831998e-02 4.525399682873534335e-01
2.632781088560499083e-01 6.096562283458341058e-01
1.246703761093657326e+00 1.132101704287558741e+00
1.435801001033517821e+00 1.235899838191858890e+00
1.444750481645981521e+00 1.243260546695152291e+00
1.453383472063202619e+00 1.250205172657514741e+00
1.472915914960012174e+00 1.263337190230926055e+00
1.479060371246036176e+00 1.268987949236600077e+00
1.483727010045619465e+00 1.273755849761028847e+00
1.485179892532559887e+00 1.276245328632592102e+00
1.488970626407031483e+00 1.280012868917524305e+00
1.494209974479297154e+00 1.284387949533963402e+00
1.501354963062309755e+00 1.289836011239930080e+00
1.502358902476755853e+00 1.291343252879361803e+00
1.504948426931944860e+00 1.293411537653367027e+00
1.507830061471118199e+00 1.295922399720439433e+00
1.510180654322626381e+00 1.297986553034663704e+00
1.510738979670239512e+00 1.298735903861013341e+00
1.512136959752197196e+00 1.299775040496974343e+00
1.516203400131495016e+00 1.302332956090875182e+00
1.517830420777151135e+00 1.303200739865631563e+00
1.524064215535702926e+00 1.306913785365218628e+00
1.524808475493078852e+00 1.307101934919566721e+00
1.527011640641043444e+00 1.308432606453971969e+00
1.527998243428266623e+00 1.308912353511056947e+00
1.528716947152085615e+00 1.309097193070669407e+00
1.531101551644361347e+00 1.310106128093512234e+00
1.537524549481507963e+00 1.313351992066998930e+00
1.541882339022272896e+00 1.315562021022859573e+00
1.543212450493320231e+00 1.316271724545081456e+00
1.543082815290654164e+00 1.315595559087615829e+00
1.552427409898293753e+00 1.320279475442092565e+00
1.590721836235213349e+00 1.341880996091977751e+00
1.591905947477858296e+00 1.341889502871857598e+00
1.591497308068261285e+00 1.340812684451049730e+00
1.591428258051718947e+00 1.339670305597350231e+00
1.593967413132678868e+00 1.339856401748745096e+00
1.598979051349356695e+00 1.341431794333622918e+00
1.603247649337414593e+00 1.342122712018278374e+00
1.609380501810961483e+00 1.345858782138126264e+00
1.623624007921426138e+00 1.352948016438186851e+00
1.629743743552061641e+00 1.355239462669892259e+00
1.630950703295651838e+00 1.354696517813494649e+00
1.638281038730585504e+00 1.357569791755969923e+00
1.658459040041354360e+00 1.367826402342759318e+00
1.658673133990763215e+00 1.366744794977535982e+00
1.658402481109434223e+00 1.365341929843894908e+00
1.660586096129149425e+00 1.365399879952702733e+00
1.667558649071270382e+00 1.368127520896443183e+00
1.682697031145315547e+00 1.375163779297950084e+00
1.684049396974923063e+00 1.374334919166237734e+00
1.687874723600461424e+00 1.374821838140805941e+00
1.689425723870995988e+00 1.374397865733712809e+00
1.692778208785814531e+00 1.375062466714843445e+00
1.816009535039067035e+00 1.441831567316095963e+00
2.189523947648102542e+00 1.644164449713052534e+00
2.192181367417506799e+00 1.646182834292364783e+00
2.195824744167035547e+00 1.649454230238192487e+00
2.199133390505178198e+00 1.653308656325871651e+00
2.202690418943962669e+00 1.657398467835344613e+00
2.205873257557779521e+00 1.661420543874287281e+00
2.209401494697605273e+00 1.666494248793400246e+00
2.211888134506764914e+00 1.670396018448342401e+00
2.216517032122383046e+00 1.676057821483769361e+00
2.220014641741676620e+00 1.680918117580415760e+00
2.223710495246792540e+00 1.685783812557105188e+00
2.227478001454517020e+00 1.691266031173685791e+00
2.232393012266639776e+00 1.697541059735463431e+00
2.238238863817505475e+00 1.703451230511125569e+00
2.240976392652342053e+00 1.708052840120854565e+00
2.245840542472200330e+00 1.714279888889034487e+00
2.247662519031256689e+00 1.718109174182162135e+00
2.251372331028494322e+00 1.723215371747157221e+00
2.255980542998051064e+00 1.728461521094026621e+00
2.263841299836271581e+00 1.736846220984458178e+00
2.267381247265730870e+00 1.742471467170903843e+00
2.269992759416765260e+00 1.746943404236552588e+00
2.273703188028719957e+00 1.752274223568605960e+00
2.275515241603524697e+00 1.756386341842720133e+00
2.280152253832589349e+00 1.762382960356571715e+00
2.287119416414509221e+00 1.769579921424546010e+00
