8.869993728990356596e-02 5.000000000000105471e-01
8.869993728990356596e-02 5.000000000000105471e-01
8.382342841749740314e-02 4.992761329494741496e-01
7.940101055945923691e-02 4.974949792027232864e-01
7.480428326203397704e-02 4.957758842600685223e-01
6.893615029934922755e-02 4.945242115217976520e-01
6.223486422880914609e-02 4.937025237301140290e-01
5.785085044847955438e-02 4.912356799520796180e-01
5.361597311720400771e-02 4.890452683291910407e-01
4.916280648339296094e-02 4.866809453651489425e-01
4.556076981426752243e-02 4.857753019188951193e-01
4.162169954072564293e-02 4.827084387666323306e-01
3.693628411455601723e-02 4.814199416169156476e-01
3.233027080099974693e-02 4.805037110704422632e-01
2.531586378357176398e-02 4.808962748455021807e-01
2.257342840328158129e-02 4.798119342761342776e-01
1.891553943763633200e-02 4.792059303161786410e-01
1.700443286876913984e-02 4.779344493579490427e-01
1.433512734125074080e-02 4.770188628987320767e-01
1.185149300140782291e-02 4.766703505423255383e-01
5.507217015644434444e-01 7.667149089426907871e-01
2.218089860561442528e+00 1.635174302438662908e+00
2.234091507930353604e+00 1.645075793402272168e+00
2.237617615533123772e+00 1.648206263411386985e+00
2.241560393595916523e+00 1.651066239539395353e+00
2.245710059110080259e+00 1.654690458012325616e+00
2.251736859441886285e+00 1.658743620347000292e+00
2.261025426468052046e+00 1.664520015312716872e+00
2.264906280272945605e+00 1.668043591446992435e+00
2.268353190854094148e+00 1.672921906924042856e+00
2.275402391534287805e+00 1.678773018039712683e+00
2.282535603514729949e+00 1.684169893257151607e+00
2.284067640809228195e+00 1.687094099112249612e+00
2.285948014133304618e+00 1.689914187556899483e+00
2.289050819164970996e+00 1.692757235363922197e+00
2.294387720839633271e+00 1.696857275556642453e+00
2.296799148541738944e+00 1.698557234074369315e+00
2.299114093931937663e+00 1.700465646548044996e+00
2.300198171033366101e+00 1.700215528910233420e+00
2.302424857608485365e+00 1.701068974871669415e+00
2.306683886181870591e+00 1.703174182611149279e+00
2.311937628330631878e+00 1.705912785375426344e+00
2.314645529233998911e+00 1.707080360249821682e+00
2.316807475599418797e+00 1.706848710931265334e+00
2.318555242491539659e+00 1.706234512415949700e+00
2.319176300896130360e+00 1.705549223757156785e+00
2.320934781344830888e+00 1.704359544318405195e+00
2.323132610575104007e+00 1.703837165279791011e+00
2.323952602322977068e+00 1.701901352661382205e+00
2.325387021138083821e+00 1.700899794057176839e+00
2.326808242388425985e+00 1.701312665758097920e+00
2.328452155573111249e+00 1.701276956725782830e+00
2.330066010049144598e+00 1.699950436312576585e+00
2.334834822904590990e+00 1.700795299224159285e+00
2.344415769250559389e+00 1.702881436514431135e+00
2.344944501478325005e+00 1.700465628790828410e+00
2.347135031762295210e+00 1.699263579313206041e+00
2.349988751042672686e+00 1.699840228883352955e+00
2.355385471439587874e+00 1.702883748485055193e+00
2.359215511540295740e+00 1.706263880695596979e+00
2.361976069377490273e+00 1.710151168231460961e+00
2.367664983074697194e+00 1.716450615758003950e+00
2.375149794706371775e+00 1.722840452754945684e+00
2.380248648949533141e+00 1.729575911660386822e+00
2.383095038144097177e+00 1.734627211161252180e+00
2.387311167373847187e+00 1.739609271242443134e+00
2.390111422123204932e+00 1.743997186573584379e+00
2.395443774145836979e+00 1.750977211977970960e+00
2.399120882852209480e+00 1.756350107344212930e+00
2.401835812621499144e+00 1.760387345456144947e+00
2.403931552549220196e+00 1.763737505103888159e+00
2.410289550293933214e+00 1.768006592070890504e+00
2.425364741068924523e+00 1.779895405653393325e+00
2.431256467315003444e+00 1.786228253257736709e+00
2.434948400550481562e+00 1.791045102528083577e+00
2.453125308885223621e+00 1.805027687090064115e+00
2.484001798083174783e+00 1.825925049534309341e+00
2.493242270644825620e+00 1.834823420089829238e+00
2.499447627521684812e+00 1.839323509946694912e+00
2.502430441984606180e+00 1.846745838236806936e+00
2.505262683610686825e+00 1.852125024438168621e+00
2.510400936763647284e+00 1.857080271645652703e+00
2.511728779143883816e+00 1.860735153803452668e+00
2.513989511045243486e+00 1.862916055575684737e+00
2.516548273231211219e+00 1.865906125789802861e+00
2.517245762178035307e+00 1.866325530874369365e+00
2.518744732423900956e+00 1.868688163552232551e+00
2.520899078949700112e+00 1.869584983583993942e+00
2.525838676723386911e+00 1.871934099945405272e+00
2.528004471542590448e+00 1.872247441331492679e+00
2.530803126924536794e+00 1.873177275872093928e+00
2.534502119329977265e+00 1.873575373100235586e+00
2.535461749154803268e+00 1.873207138581904463e+00
2.537211430592396066e+00 1.873031876830538733e+00
2.542044485382600971e+00 1.874307733940256293e+00
2.553342925685575082e+00 1.879763667966885876e+00
2.555000395352932330e+00 1.879482409690002687e+00
2.558378583276699647e+00 1.881541299634053921e+00
2.572618132107466593e+00 1.891453040934881979e+00
2.596708950581755548e+00 1.906461081343828301e+00
2.601266207706721456e+00 1.911291105804073798e+00
