1.781239233843283365e-01 5.000000000000105471e-01
1.781239233843283365e-01 5.000000000000105471e-01
1.710821877133053281e-01 4.995373008298842898e-01
1.612399490998953633e-01 4.986363983893140062e-01
1.513849332554954019e-01 4.971203322449995188e-01
1.367294885833126028e-01 4.971234226320402350e-01
1.137894939516735371e-01 5.006184105987910860e-01
9.568809050490863222e-02 5.016676541505648013e-01
8.663010446707576639e-02 4.985584509371625006e-01
7.072901026475464370e-02 4.987508205721606913e-01
4.465803704245399630e-02 5.044319326507438195e-01
3.241154811962652926e-02 5.037729836374169601e-01
2.147778969519913150e-02 5.026958504999636812e-01
6.555669135722247756e-03 5.038777033283337037e-01
5.288854087774631413e-06 5.015252782081641714e-01
7.814041682395779509e-03 4.988844212077344076e-01
2.021547346375279428e-02 4.999411802782534608e-01
4.736191047937829413e-02 5.089252767831374813e-01
5.470905159571284870e-02 5.082995233748138775e-01
5.862581800835424406e-02 5.058676391451338850e-01
6.192390713226708643e-02 5.037129562900998225e-01
6.619439363975675172e-02 5.024345816835653622e-01
7.448026852184208568e-02 5.030331647583958787e-01
7.904064348452959077e-02 5.020054395398997338e-01
8.230613676976153426e-02 5.008795709327137358e-01
8.849553693201032967e-02 5.018564608435289731e-01
1.620785904897325269e-01 5.402693143961644351e-01
3.377571244564640529e-01 6.350821246829919664e-01
3.401989190063050561e-01 6.359442182732031323e-01
3.420212811514374285e-01 6.365014049410998576e-01
3.423734693089261483e-01 6.362204409618420486e-01
4.257052958040270507e-01 6.817481389027653105e-01
6.724177700259232893e-01 8.181588675857119908e-01
6.785150851165733243e-01 8.209585981686147171e-01
6.828121320832347685e-01 8.230026911286588698e-01
6.878679333753157099e-01 8.253868264643450248e-01
6.934571609696006389e-01 8.281488286483925654e-01
7.056899850763143078e-01 8.346307944346363916e-01
7.149136227352339557e-01 8.394946076184542916e-01
7.308301356742076260e-01 8.483724134776760017e-01
7.723781151970261494e-01 8.715865390630259668e-01
7.769515353064126995e-01 8.740406537861937775e-01
7.800821054459984305e-01 8.757822483528550084e-01
7.819334380396192330e-01 8.768214304956932770e-01
7.835331750000819051e-01 8.777029159646844159e-01
7.869024825220999331e-01 8.796668355718503252e-01
8.144016841919798910e-01 8.953143319062969452e-01
8.843014257166853520e-01 9.347230127857303339e-01
8.858718540105074979e-01 9.356261822875394651e-01
8.875588727493957109e-01 9.366699550851682599e-01
8.986352606858825087e-01 9.429254279219404511e-01
9.321870314890189357e-01 9.618453314073983629e-01
9.374100658682512632e-01 9.647764043579435400e-01
9.412997922331385325e-01 9.669446222719807471e-01
9.474163176324250646e-01 9.703558522481666726e-01
9.504285549929027965e-01 9.720369842883563871e-01
9.613059439517173121e-01 9.781952335590305969e-01
9.838029906716343476e-01 9.908760904099801481e-01
9.886125184272637201e-01 9.935853561024111658e-01
9.933944033899826387e-01 9.962806237340904314e-01
9.977914381156726131e-01 9.987573604580769482e-01
1.011941239944847748e+00 1.006703833521998215e+00
1.045777778876001429e+00 1.025677989623085873e+00
1.051483607003715681e+00 1.028812076822401611e+00
1.056832129967793188e+00 1.031711513379003797e+00
1.065329727450833097e+00 1.036331340851344374e+00
1.068243666592727070e+00 1.037835348408706171e+00
1.073725637787936948e+00 1.040846093682290086e+00
1.075427447933999359e+00 1.041690861043664151e+00
1.078702667409069615e+00 1.043516876553467698e+00
1.097046303583801841e+00 1.053817429837505593e+00
1.143199361254096047e+00 1.079568807046074719e+00
1.156106324877875347e+00 1.086870855680243997e+00
1.162665272692428031e+00 1.090616384285626017e+00
1.174117819332967549e+00 1.097238775505368302e+00
1.186161017934280304e+00 1.104098411262585344e+00
1.188076120696257787e+00 1.105281703103646374e+00
1.191343009483411874e+00 1.107564191660966424e+00
1.194985234977832711e+00 1.109952213658467413e+00
1.197515380760120207e+00 1.111674836508314002e+00
1.204416310220371766e+00 1.116024412577345970e+00
1.209461437974476583e+00 1.119470785135816771e+00
1.323052601915610138e+00 1.184898756422386734e+00
1.666743666209555830e+00 1.383672988387238734e+00
1.677832730971197339e+00 1.392122192550308668e+00
1.680673134211145836e+00 1.395242141427866400e+00
1.684561837141592466e+00 1.399044680829791609e+00
1.687667810428912007e+00 1.403077366048170793e+00
1.692351343908645056e+00 1.407306107868937506e+00
1.697095148115456364e+00 1.411596055750611312e+00
1.702605353648631858e+00 1.416267296059232406e+00
1.729076035645343401e+00 1.434156149376958567e+00
1.803521341614936047e+00 1.480433528209338601e+00
1.823914418314755981e+00 1.494389317443758580e+00
1.912548076844149847e+00 1.549801617977207391e+00
1.993080287761785918e+00 1.600742800520223330e+00
2.000979776974868951e+00 1.608102184768342768e+00
2.002702775878086427e+00 1.611439064471414051e+00
2.004175718450209143e+00 1.614729137831282690e+00
2.005654625263334712e+00 1.618108445367875570e+00
2.008716222141517793e+00 1.621764758845388510e+00
