2.083327394073336836e-01 5.000000000000105471e-01
2.083327394073336836e-01 5.000000000000105471e-01
2.000449137470110827e-01 4.998300671989139299e-01
1.888894096537587497e-01 4.990468976753197894e-01
1.772641650633172972e-01 4.976329497340202246e-01
1.563346030402255060e-01 4.996144053734287160e-01
1.216160264890965709e-01 5.074155698988268570e-01
1.118065516363231648e-01 5.040187977124399588e-01
1.021044998062924508e-01 5.003580757479991759e-01
8.906779959120761370e-02 4.985273801355388779e-01
6.423122478636479615e-02 5.023468883829683707e-01
3.296087170897305657e-02 5.098619845023710795e-01
1.943461123653580924e-02 5.096115001742920203e-01
7.985695068698469776e-03 5.084524764610546255e-01
8.850818510346934731e-03 5.114977750037082993e-01
1.699381127572934316e-02 5.072912632700385949e-01
2.446705577561322092e-02 5.049656244506949276e-01
3.320617033901145793e-02 5.039351339289346310e-01
4.630399244581587942e-02 5.056339575500643502e-01
5.650355863405341628e-02 5.057902897733318470e-01
6.177537898511347575e-02 5.039663885293231838e-01
8.705043198589332287e-02 5.129962466639991225e-01
1.463071805600537068e-01 5.403560247764160884e-01
1.571319727708684610e-01 5.422065542721172804e-01
1.610187409993888985e-01 5.406309928148899102e-01
1.636786117635839199e-01 5.390832832764019811e-01
1.682486143695177405e-01 5.386357395707989104e-01
1.707491958099709162e-01 5.374822925065968482e-01
1.737143299181441725e-01 5.370778698649066873e-01
1.759606840194387622e-01 5.364857231677628846e-01
1.790927385495227064e-01 5.368842036184856559e-01
1.826483932834753188e-01 5.379740874924383576e-01
1.835426417538730814e-01 5.382238379343140533e-01
1.902345159343105108e-01 5.412268853732293827e-01
2.841071325731673869e-01 5.937922259065314678e-01
5.051620154540651386e-01 7.188095913289485051e-01
5.063211051543435870e-01 7.191266141641107223e-01
5.071907526686902923e-01 7.193754952225426269e-01
5.102987091121879981e-01 7.211627022499863537e-01
5.159688356419814825e-01 7.242013185217566207e-01
5.248877602058635850e-01 7.292216718698592004e-01
5.275349559510122965e-01 7.305498904899949686e-01
5.314859192719039171e-01 7.324296185125185321e-01
5.338378245565992275e-01 7.335965261334028709e-01
5.355111225112464401e-01 7.345866052089120579e-01
5.369687084435351698e-01 7.355810794725904378e-01
5.388343737643893627e-01 7.371331088760768591e-01
5.423848151809412821e-01 7.395476447409684573e-01
5.515675821900013487e-01 7.451253778905071457e-01
5.542599672105802400e-01 7.470903642157783464e-01
5.554173372522945851e-01 7.482325289630528120e-01
5.865843456528578859e-01 7.668317571694104329e-01
6.762358713922421716e-01 8.181096945084306293e-01
6.833588764851989961e-01 8.225027675511599190e-01
7.062142579901209416e-01 8.357193109528051611e-01
7.096332327969673281e-01 8.380081004695607572e-01
7.144079482656655600e-01 8.410396927276937440e-01
7.237355602163744184e-01 8.462378049080158116e-01
7.269435993099888638e-01 8.482216890902390949e-01
7.328988891292304020e-01 8.517140152950648524e-01
7.450727820452227590e-01 8.581746394189171401e-01
7.604506467495868449e-01 8.667237085108127070e-01
7.801414632747504241e-01 8.776336502638421022e-01
7.834067211428999977e-01 8.794034822001086660e-01
7.859001141518078271e-01 8.807398881808595759e-01
7.889327085586866906e-01 8.824531203950962688e-01
7.920281015244443612e-01 8.842952313880831916e-01
8.005306119607342730e-01 8.891966284993626513e-01
8.056816167361809944e-01 8.921361732982784343e-01
8.078625545795672380e-01 8.933749097458346666e-01
8.120991225426824611e-01 8.957463915026316892e-01
8.173716030785033171e-01 8.985864414424629132e-01
8.197744749845111700e-01 8.998247244832333624e-01
8.243126742296954523e-01 9.022068607961228892e-01
8.290355764343712019e-01 9.045959433545261996e-01
8.326014184520978967e-01 9.063525216226857584e-01
8.412458401520530593e-01 9.109655936842566692e-01
8.561253585529623455e-01 9.189604598134124558e-01
8.588706695372412270e-01 9.201733383713625036e-01
8.638518139736349744e-01 9.227615641727340279e-01
8.696027343038307267e-01 9.258182383409446770e-01
8.737506083816514169e-01 9.279689195245680589e-01
8.775437565971937470e-01 9.298532089727756800e-01
8.819993104948179452e-01 9.321703591097022512e-01
8.859773804833395161e-01 9.341613955587250162e-01
8.916615348631331539e-01 9.370839145146184768e-01
8.944486949504106832e-01 9.384396314112780635e-01
8.967084565806751062e-01 9.395285283175887070e-01
9.013137653639892166e-01 9.420299467305383034e-01
9.069980187995617671e-01 9.450933485083231611e-01
9.106117497193769728e-01 9.469276560281996158e-01
9.138800220298767263e-01 9.486842711522220917e-01
9.164505461633568606e-01 9.500244170007742239e-01
9.181518268899967472e-01 9.506579067903394575e-01
9.208551422279904752e-01 9.519963353412029816e-01
9.247216480852000764e-01 9.541117251540739419e-01
9.309797415378772145e-01 9.577465800151575559e-01
9.340046307575944340e-01 9.594595925618560894e-01
9.362188731609066839e-01 9.606666733901250144e-01
9.384166892270581206e-01 9.618873677335201267e-01
9.391900249640523501e-01 9.622711103132840504e-01
