1.211207706370802384e-01 5.000000000000105471e-01
1.211207706370802384e-01 5.000000000000105471e-01
1.154612434328729370e-01 4.993586846386365852e-01
1.089110714072665104e-01 4.979862205698459832e-01
1.025603665957350863e-01 4.962459869559056047e-01
9.269499453747935547e-02 4.958474774449674882e-01
7.782429356757579464e-02 4.976158794315138634e-01
5.644075911554133351e-02 5.020561205057397780e-01
2.170234696831228188e-03 5.222494808523630017e-01
5.747214119461517556e-03 5.205805120569402256e-01
3.959344295232608557e-02 5.327146142005393381e-01
1.351725642488209866e-01 5.745840139897848697e-01
1.393302937701439148e-01 5.728169104920580734e-01
1.447219886492663865e-01 5.716106226113447653e-01
1.488668408927286690e-01 5.699129102044871997e-01
1.532110836485336136e-01 5.687241025613389844e-01
1.566633413145092635e-01 5.676491585183417454e-01
1.603270120583718816e-01 5.671339171771567766e-01
1.654566842548100269e-01 5.672375438170426110e-01
1.691322211763215400e-01 5.665784665309113732e-01
1.725529106558317816e-01 5.662133091949536068e-01
1.777848791316569976e-01 5.664682959842950449e-01
1.797931637281652839e-01 5.655021503969003271e-01
1.824273540925670234e-01 5.654762792046829079e-01
1.873447601521394945e-01 5.669705785107737039e-01
1.925025641492433548e-01 5.690141776212113145e-01
1.943218747269564450e-01 5.688040321442490166e-01
1.979358870929723013e-01 5.700684497981848287e-01
2.034767766664070388e-01 5.723496643818264396e-01
2.055056829310628053e-01 5.724478681865774465e-01
2.287280173412307716e-01 5.845388711268311166e-01
2.959026994260288146e-01 6.190571451584955254e-01
3.010554927738260944e-01 6.211260288668682961e-01
3.053970447716520820e-01 6.220631032194954280e-01
3.097582084027508120e-01 6.237359992082700533e-01
3.136541784816168632e-01 6.251322262989549294e-01
3.163965151064546677e-01 6.258751517872163106e-01
3.176075381633990391e-01 6.261529899324773663e-01
3.192466391930977032e-01 6.265772849800486100e-01
3.200613388617271071e-01 6.270369672337483546e-01
3.266719493688470255e-01 6.312943240339230488e-01
3.463607259240396585e-01 6.421496764155505410e-01
3.572611761082902793e-01 6.486534893146188585e-01
3.871290924983324944e-01 6.655113813368744857e-01
3.899784723351198412e-01 6.672450258163953318e-01
3.952936513423654930e-01 6.704201284902988611e-01
4.029307904103259785e-01 6.749102293655676599e-01
4.039755149273596135e-01 6.756267227481815851e-01
4.057231785962591153e-01 6.768459403717255185e-01
4.072393258550352502e-01 6.785460013188513440e-01
4.090187566354697157e-01 6.796144328343931562e-01
4.118139705421366981e-01 6.810828280117915412e-01
4.139442044470706961e-01 6.828200989693173906e-01
4.195216516145283681e-01 6.857430230773899904e-01
4.208346968323985471e-01 6.865976816654654202e-01
4.284753568224504705e-01 6.913803942837888350e-01
4.485419566838349525e-01 7.030221994889519488e-01
4.510701088773035883e-01 7.049216538608128468e-01
4.546555023109549731e-01 7.071203111141910469e-01
5.541759060492746913e-01 7.611895187937551821e-01
8.468333077092446981e-01 9.181141554878254896e-01
8.508392325683635793e-01 9.202128812301304528e-01
8.564193072225974035e-01 9.232897251709872855e-01
8.605267299983653251e-01 9.253936893472144432e-01
8.631445453418559177e-01 9.267239371062524489e-01
8.652473341257721495e-01 9.276655802565396680e-01
8.669035048379442054e-01 9.283992023789457981e-01
8.692513720400445454e-01 9.294554089661655194e-01
8.721885313322350619e-01 9.308059554083093490e-01
8.743297721882690166e-01 9.316972578953194306e-01
8.769804608465162632e-01 9.329066499968131643e-01
8.796464115070510292e-01 9.342484712996304008e-01
8.844838036470797915e-01 9.366752159377972342e-01
9.129334930298217410e-01 9.520989738044401962e-01
9.960895393618883764e-01 9.978412219363126390e-01
1.002565785915541463e+00 1.001421244045257009e+00
1.006046368938104285e+00 1.003358175699188282e+00
1.007968913153398427e+00 1.004441205353635125e+00
1.011554289804619700e+00 1.006461413672304239e+00
1.018693672957826424e+00 1.010489694794386661e+00
1.027910656985578930e+00 1.015699048371233593e+00
1.046740701998730927e+00 1.026396954440998766e+00
1.050338931931945385e+00 1.028516153515102172e+00
1.056338412644638458e+00 1.032016962197120025e+00
1.068331596029905795e+00 1.039048641710489163e+00
1.099612595986429575e+00 1.057232202088801198e+00
1.102969047999689867e+00 1.059436585645703977e+00
1.104992626525174826e+00 1.060812617444863992e+00
1.107385284907461021e+00 1.062446955268596227e+00
1.110431912836165269e+00 1.064481250052814687e+00
1.113295442394682366e+00 1.066492566936990016e+00
1.116882770215597231e+00 1.068781222104992601e+00
1.125390672361901157e+00 1.074199734507659709e+00
1.128061517625620347e+00 1.076014290023422193e+00
1.132340815171385628e+00 1.078704146838701083e+00
1.135618071926079775e+00 1.080645720376047558e+00
1.142741809893996319e+00 1.084755970196967789e+00
1.156723647268218746e+00 1.092926515265010279e+00
1.160189281505145331e+00 1.094761231964184400e+00
1.170970306667616700e+00 1.100782611022884439e+00
1.177456748186592961e+00 1.104265764970375319e+00
