5.247505023475545344e-02 5.321906397234995589e-01 6.309178198099136353e+03
6.597147366403495194e-01 8.167053387816732846e-01 3.17123e+03
3.339821382172149522e-01 6.415492890347374022e-01 1.59955e+03
1.531087769218505423e+00 1.294411825437819408e+00 1.088844472169876099e+03
2.601266207706721456e+00 1.911291105804073798e+00 8.127342288494110107e+02
2.611870202341686209e+00 1.938381676121766262e+00 7.236006691455841064e+02
5.058625366144343438e+00 3.377859700473046622e+00 6.436078701019287109e+02
1.177456748186592961e+00 1.104265764970375319e+00 5.909946439266204834e+02
2.008716222141517793e+00 1.621764758845388510e+00 5.113834488391876221e+02
9.391900249640523501e-01 9.622711103132840504e-01 5.559609031677246094e+02
8.479555296722352864e+01 5.289698999688086900e+01 6.456651768684387207e+02
5.930030758167941229e-01 7.524991281003742261e-01 6.228224821090698242e+02
1.383864904399144180e+01 8.665528216503080472e+00 6.071185829639434814e+02
6.454982891947584900e-01 7.825229887155139563e-01 3.974932420253753662e+02
3.582382969926503069e+00 2.563875943510459443e+00 6.934235830307006836e+02
2.287119416414509221e+00 1.769579921424546010e+00 7.467633910179138184e+02
4.948700741585509100e+00 3.370004700951052090e+00 5.786756589412689209e+02
