2.799534914885165593e-01 5.000000000000105471e-01
2.799534914885165593e-01 5.000000000000105471e-01
2.704910012520084783e-01 4.997395479924115480e-01
2.546443195693677275e-01 4.997736409209693198e-01
2.363704959181840148e-01 4.996799117072963092e-01
2.130126703465815841e-01 5.008521708167739117e-01
1.935474459358260402e-01 5.001239677915138016e-01
1.793680630240446494e-01 4.966966391320474239e-01
1.626497858869729307e-01 4.941945780272745670e-01
1.507035978757871875e-01 4.901414874442885372e-01
1.337441750407689367e-01 4.881657125316109513e-01
1.133396913014453333e-01 4.886566592922170216e-01
9.924239460286161940e-02 4.863391179111204443e-01
8.379431135620347970e-02 4.854458660318250462e-01
5.926488047533155779e-02 4.900226291128525480e-01
5.001280734072801465e-02 4.854196972506295560e-01
4.080358109642469311e-02 4.817500082998744659e-01
3.475272073904259879e-02 4.773548570469776098e-01
2.797081990719452529e-02 4.736030806176918517e-01
2.125043069988654526e-02 4.702486701892469867e-01
1.432280257454170667e-02 4.674611271391820311e-01
9.254543313179700026e-02 5.183089857544264101e-01
4.046554305068393864e-01 6.805896723372536483e-01
4.091804713914933833e-01 6.796583191640190869e-01
4.139007625946966029e-01 6.790149295809198016e-01
4.205171400611167343e-01 6.798220316314411704e-01
4.348675274691952142e-01 6.849611269859272600e-01
4.374997463814436216e-01 6.840706760618685545e-01
4.455186556862436031e-01 6.861839015376131057e-01
4.498041986076251053e-01 6.865978686491146510e-01
4.542919126713265698e-01 6.875427515757631669e-01
4.681770158441926899e-01 6.941058903179986306e-01
4.713302456480855107e-01 6.952260943989114761e-01
4.716299335528418846e-01 6.943684088913948393e-01
4.862831223915380918e-01 7.016498827793662407e-01
5.321649805282231416e-01 7.275208428397347271e-01
5.337661478539962312e-01 7.280049214000243740e-01
5.383082963094909523e-01 7.303763235826168376e-01
5.393353621755250238e-01 7.309967824353398314e-01
5.404489036992150552e-01 7.315768918168747970e-01
5.428080892802779056e-01 7.330361723846013922e-01
5.435287789733170838e-01 7.336556151943685045e-01
5.454315654076701270e-01 7.349222367031501557e-01
5.451906460114294140e-01 7.350427306157372165e-01
5.463780085079642523e-01 7.359092351382855446e-01
5.474463842364096777e-01 7.368317893792249995e-01
5.531455638056888002e-01 7.404819351382899706e-01
5.612533037478705245e-01 7.456383998824870352e-01
5.895508736093740820e-01 7.631827043721608472e-01
6.717823982938687655e-01 8.108180336610592009e-01
6.877198303937772650e-01 8.200297500605746581e-01
7.002519936963532698e-01 8.275257384112306713e-01
7.026425696502379692e-01 8.289408153457962225e-01
7.026482153440685163e-01 8.291925520297451779e-01
7.064504903075558007e-01 8.316525311994336089e-01
7.143430563036182734e-01 8.364975139215196087e-01
7.155385094939941126e-01 8.375256661574281836e-01
7.167643130892482617e-01 8.386008085781944121e-01
7.164200117616027486e-01 8.387659224456528451e-01
7.220846399245770542e-01 8.422070205526998032e-01
7.387501237000833054e-01 8.518764148265236535e-01
7.485554663289758492e-01 8.577304608310827305e-01
7.752270988199294610e-01 8.732245499618858098e-01
7.796867930817826808e-01 8.760815473163361400e-01
7.857460252768957432e-01 8.797182780676082725e-01
7.879022749863281438e-01 8.812399712246368200e-01
7.884215655765016706e-01 8.817647276556679348e-01
7.898894960288089795e-01 8.829877315088123790e-01
7.957849474772977771e-01 8.864788046759217721e-01
7.995272041411659592e-01 8.888124973483644276e-01
8.070934064580169709e-01 8.932928912118888176e-01
8.131958444762522609e-01 8.970931308481525646e-01
8.151859944460270180e-01 8.985444715083276135e-01
8.377161918553583941e-01 9.112357276833860098e-01
9.015454953229694590e-01 9.462282007352651458e-01
9.118520205712579152e-01 9.519602566432644464e-01
9.133378754784942100e-01 9.528624490809267655e-01
9.147927073658244090e-01 9.537479322392288239e-01
1.891203845743689049e+00 1.483476489930337205e+00
4.812156578076895563e+00 3.071086289743675923e+00
4.816656223085471034e+00 3.076386210784487929e+00
4.819319879313582966e+00 3.082698231039158188e+00
4.826590955646299363e+00 3.090923821272303584e+00
4.841592012110764287e+00 3.106696987169546009e+00
4.843837831689891793e+00 3.112111928294205576e+00
4.849493440619290219e+00 3.123777213133414943e+00
4.854367685615258665e+00 3.133928436737451140e+00
4.858629025410374780e+00 3.145087623297752710e+00
4.861232603789551909e+00 3.157203638213596175e+00
4.864660068835410911e+00 3.169208866680380599e+00
4.874975546410987626e+00 3.185316495314850282e+00
4.889733814555016878e+00 3.209169781809276589e+00
4.894865228891780440e+00 3.229418017000472041e+00
4.898256437707367184e+00 3.246047576657161038e+00
4.902312134596687798e+00 3.263089069284303978e+00
4.907847925893379148e+00 3.280592345124341946e+00
4.911936544462414567e+00 3.296883351512719607e+00
4.922805636174333088e+00 3.317380829222346783e+00
4.934645250425937490e+00 3.337982680657497703e+00
4.939245363497872354e+00 3.352748020357348757e+00
4.948700741585509100e+00 3.370004700951052090e+00
