1.113528844701089371e-01 5.000000000000105471e-01
1.113528844701089371e-01 5.000000000000105471e-01
1.058597394385591417e-01 4.993698418922670190e-01
9.962882456462684999e-02 4.980190277486830075e-01
9.354557413041927894e-02 4.963936394473855152e-01
8.435898865148627745e-02 4.959584959428032236e-01
7.177694612149020104e-02 4.969818102338693366e-01
6.593138596863164225e-02 4.943895754743575788e-01
5.930123721908591578e-02 4.923236756152603588e-01
5.154756525683078239e-02 4.905600126905916847e-01
4.644816541727991854e-02 4.889108038169403536e-01
3.713103977224813806e-02 4.881095867116246323e-01
3.293194377415801372e-02 4.857862010588728241e-01
6.490911858433311143e-02 5.305705186578562049e-01
3.510719777587731905e-01 6.714903551186561792e-01
3.544524210049279089e-01 6.707578723368526896e-01
3.583335310573675936e-01 6.707881353621242271e-01
3.668621186823738944e-01 6.734684812088492789e-01
3.821043166621584941e-01 6.794711127713092269e-01
3.862136188868141584e-01 6.799605833821303902e-01
3.886791834939733459e-01 6.797912543398232366e-01
3.912868432263417184e-01 6.794177544674031566e-01
3.942341647011740613e-01 6.795798071145114916e-01
4.004545048508181271e-01 6.820127322663384062e-01
4.046731147711505883e-01 6.837687046497598065e-01
4.129680904738523561e-01 6.871659104577599875e-01
4.149799633282147404e-01 6.875158123289604184e-01
4.186505767628406205e-01 6.893041296014152941e-01
4.214020143805073948e-01 6.902858782638829904e-01
4.239433452046910689e-01 6.907804766483802705e-01
4.265081480007428816e-01 6.912982753890997145e-01
4.299112611809633999e-01 6.925833663476945734e-01
4.424004310636702741e-01 6.984936914395463159e-01
4.718949175728417988e-01 7.138420720204147196e-01
4.753106746806561866e-01 7.151247300038725552e-01
4.798048100542058325e-01 7.168444662362942754e-01
4.839032181531026655e-01 7.187872564616448745e-01
4.896446625707882583e-01 7.212825459357636859e-01
4.906910881840914063e-01 7.215946733467463181e-01
4.930779131685693040e-01 7.227725849402650837e-01
4.959860497485273911e-01 7.243591352632529068e-01
5.028778742789152822e-01 7.280371198280032319e-01
5.190485693433214420e-01 7.368244540060515657e-01
5.229277049932242738e-01 7.390473752004041996e-01
5.247289982606040404e-01 7.404687577104839269e-01
5.279445106954517852e-01 7.424180625883526341e-01
5.284698250330094327e-01 7.429796897203896355e-01
5.569884442784646117e-01 7.590156400176067963e-01
6.407287989613991153e-01 8.048291171936035049e-01
6.417615116615363879e-01 8.058984408860059290e-01
6.436071677217076736e-01 8.076184360581599719e-01
6.477357777185968057e-01 8.105871521363341436e-01
6.573836881880523730e-01 8.163514336868658017e-01
6.608869121312755945e-01 8.192887646685211855e-01
6.702322865690232279e-01 8.241031374878743376e-01
6.801514454939704413e-01 8.298091444343630441e-01
6.874372629974010440e-01 8.342146288787736230e-01
6.925563260148251965e-01 8.371351729681041354e-01
6.946197659531959667e-01 8.382865944327941854e-01
1.716709357034740924e+00 1.379239641710694908e+00
4.785472523477200646e+00 3.008490658838006482e+00
4.795312876036801342e+00 3.019015147869581028e+00
4.799222174964020482e+00 3.029455941544188402e+00
4.807436837326608980e+00 3.043362761828672269e+00
4.812704032405401122e+00 3.053573260577260751e+00
4.817455508014464094e+00 3.065425562514519253e+00
4.819825553164924337e+00 3.072315569058671869e+00
4.822417388340438649e+00 3.082687675614206313e+00
4.826637249565578713e+00 3.093552084286823600e+00
4.836240698618102130e+00 3.107247202789617191e+00
4.840537266146784923e+00 3.119214535614326600e+00
4.844267524575508688e+00 3.128801955199184359e+00
4.847176898260273425e+00 3.135247191107167541e+00
4.850433207592668161e+00 3.142009634340396040e+00
4.852315560519843807e+00 3.153689844829294042e+00
4.854648065445894112e+00 3.158274191837418865e+00
4.856688753526328561e+00 3.168708128781763111e+00
4.858583002515257654e+00 3.175007762845074577e+00
4.860901483280808399e+00 3.182161923884456733e+00
4.863158644879900905e+00 3.189243868775874624e+00
4.876756798222927181e+00 3.203646980549417211e+00
4.911307452964210896e+00 3.230775287008759378e+00
4.914627820417240223e+00 3.239037051039205473e+00
4.920060059481325077e+00 3.247050125850940994e+00
4.927960968581272638e+00 3.253139369361068400e+00
4.930919931348708651e+00 3.256349276967581474e+00
4.932362347363077326e+00 3.264541489638909777e+00
4.935214152617931838e+00 3.271794586481024059e+00
4.944124590869494185e+00 3.284671525538710668e+00
4.965253219816999852e+00 3.300768472013247301e+00
4.969722782242817161e+00 3.307785090168108511e+00
4.971383649713451369e+00 3.310533493883483391e+00
4.974248920794839712e+00 3.317929581126702221e+00
4.985208786780922274e+00 3.330801708414182993e+00
5.009594094485418481e+00 3.349344806005611463e+00
5.011746833213761576e+00 3.352042955976857641e+00
5.013589501583505026e+00 3.354815238278704648e+00
5.016043182931674949e+00 3.349945726864893114e+00
5.016933185606018419e+00 3.356979694737163733e+00
5.028286145355477466e+00 3.362829108836311587e+00
5.058625366144343438e+00 3.377859700473046622e+00
