2.268020265062478114e-01 5.000000000000105471e-01
2.268020265062478114e-01 5.000000000000105471e-01
2.173966703044986903e-01 5.000815883780376225e-01
2.040807037993635220e-01 4.998790698811689803e-01
1.895506174737697225e-01 4.992190742194945741e-01
1.666499185333635558e-01 5.014624337841870894e-01
1.331463680472042832e-01 5.081263360957852804e-01
1.214501953131852663e-01 5.049772173534895492e-01
1.105432533266173523e-01 5.015272155688066391e-01
9.691107607203551522e-02 4.995105326110444444e-01
8.628666835435412630e-02 4.961695758317131721e-01
5.826600058391523396e-02 5.017429800429360487e-01
1.206806320025571692e-02 5.280236013875067025e-01
4.093892876018831450e-02 5.358386486071941013e-01
1.009484611252050579e-01 5.586113155599390367e-01
1.082117483506138816e-01 5.554334843966548529e-01
1.195029281821408385e-01 5.551626555498562210e-01
1.247282935502644491e-01 5.527570565770661970e-01
1.361325819800573433e-01 5.537541005457887744e-01
1.577036298254771429e-01 5.601160193283447608e-01
1.632254386703876625e-01 5.593239747463923939e-01
1.710533021478084503e-01 5.613617333325325864e-01
1.760703862190141911e-01 5.577536640607817509e-01
1.830539174384270273e-01 5.573960327266670456e-01
1.885641255794068827e-01 5.567100334328058953e-01
1.915901742736313418e-01 5.550587340419277371e-01
1.947152789935133188e-01 5.537928678811796512e-01
1.988341280810485834e-01 5.531019997073379768e-01
2.026693662302726517e-01 5.529180695998145989e-01
2.069364542057668399e-01 5.532929102496421114e-01
2.110086419794466595e-01 5.542082783719941563e-01
2.125861224213939638e-01 5.537640814998976424e-01
2.181900498304424896e-01 5.554854000015293503e-01
2.334044061945319271e-01 5.631451651978622852e-01
2.372632374706017677e-01 5.643843597096055431e-01
2.412985710275479256e-01 5.656118740137894285e-01
2.443905709450101549e-01 5.666904124335035986e-01
2.497508714361671711e-01 5.689137795187280133e-01
2.645743182427895412e-01 5.768246736259773355e-01
3.077524466684748439e-01 6.011004502319204912e-01
3.126058098712439781e-01 6.037259637820117097e-01
3.162602003943130735e-01 6.054999994413216013e-01
3.173235526790608718e-01 6.059326018618628185e-01
3.188616497579013220e-01 6.066002104084210478e-01
3.252107666919182849e-01 6.102860955628350847e-01
3.415392580385478993e-01 6.195987287316561121e-01
3.457839449145518329e-01 6.221884948438662910e-01
3.478876568300943162e-01 6.238765663905622150e-01
3.505541943879328937e-01 6.260228321828986697e-01
3.512643573224352722e-01 6.267117045251497931e-01
3.534447782060110010e-01 6.285087395285108292e-01
3.546951392292935767e-01 6.299236221664908930e-01
3.585376781149536840e-01 6.331941669930357675e-01
3.734340807631150727e-01 6.428461314999017739e-01
3.756471926638549896e-01 6.451355729663919014e-01
3.810024117209069305e-01 6.491403422734243200e-01
4.571782501744418581e-01 6.931164825626596748e-01
6.446793819525996616e-01 7.996014542592514429e-01
6.543714369493286442e-01 8.054527553459416289e-01
6.792853841786431479e-01 8.199790885326055934e-01
6.818942550464738295e-01 8.219732197222464620e-01
6.920779193729145184e-01 8.279951753822666349e-01
7.007016085472712597e-01 8.331718019483921323e-01
7.069737935262077055e-01 8.369900142812123356e-01
7.082143893946208912e-01 8.381568147591075268e-01
7.122821669529706412e-01 8.407662854431718902e-01
7.176467844260588924e-01 8.439561810677344011e-01
7.203675626628421869e-01 8.453817781174869372e-01
2.175779006097705803e+01 1.245968984651763201e+01
8.460183614304717992e+01 4.709772075415464343e+01
8.460708833925176009e+01 4.697109396462673914e+01
8.461238572522087509e+01 4.699058483093502758e+01
8.462332355545711948e+01 4.703257391675239774e+01
8.463069408370412816e+01 4.699387693715126346e+01
8.464569400399680887e+01 4.723381758557378163e+01
8.464963421807595978e+01 4.734818162847136591e+01
8.466345221314551850e+01 4.753586844866057248e+01
8.469219871338418670e+01 4.775003297959286641e+01
8.470956940057237716e+01 4.793928400060217143e+01
8.471349617379810581e+01 4.817566401804249665e+01
8.471617290287910862e+01 4.843782135417558976e+01
8.472114604658797532e+01 4.872603868561711948e+01
8.472871372408106083e+01 4.897671513752963079e+01
8.474096501000364867e+01 4.928471844052527473e+01
8.474721209678240541e+01 4.958742988135183793e+01
8.475167185506795420e+01 4.986754088635753135e+01
8.475998720203260461e+01 5.016381966887304600e+01
8.476347050500832836e+01 5.047207179643643116e+01
8.476499249738158426e+01 5.077120229159823595e+01
8.476748333080232101e+01 5.102525681275874092e+01
8.477158243794298187e+01 5.125736709668756674e+01
8.477468010701086598e+01 5.150521674534199690e+01
8.477681616788554209e+01 5.170664641215319790e+01
8.478090065397935859e+01 5.190361769959382343e+01
8.478308048652945672e+01 5.211283809904865194e+01
8.478554044141380075e+01 5.229901774220837041e+01
8.478861196315794757e+01 5.246832210841429855e+01
8.478952309295200962e+01 5.258197770078560040e+01
8.479084395648084183e+01 5.270151547811727255e+01
8.479300220473975003e+01 5.280048231277299919e+01
8.479555296722352864e+01 5.289698999688086900e+01
