7.384943031789337198e-02 5.000000000000105471e-01
7.384943031789337198e-02 5.000000000000105471e-01
6.967894084687051293e-02 4.990593457859861526e-01
6.574404953925228057e-02 4.973104295101727357e-01
6.191956338674080990e-02 4.956247872875422233e-01
5.729098797350953148e-02 4.942863784601308486e-01
5.248887334983579761e-02 4.930941321310259307e-01
4.935638591704748918e-02 4.906456732675457677e-01
4.617654208524341747e-02 4.884930729863162790e-01
4.270171090158256244e-02 4.863564265962399547e-01
3.354622264491334549e-02 4.883182528581375692e-01
1.844792826870588105e-03 5.003504434578245341e-01
3.161004709916191008e-02 5.143098679574021892e-01
3.421921359497048093e-02 5.129826546031979184e-01
3.578707520555186178e-02 5.115547388293952835e-01
4.018389164357865501e-02 5.121482439660668406e-01
4.828263594450649121e-02 5.145466543807095672e-01
5.070686848989463397e-02 5.144777233492258128e-01
5.349419725122259162e-02 5.145990783154450465e-01
5.539866277412069245e-02 5.144467789260230850e-01
5.751165360940495991e-02 5.141342447183406827e-01
6.120558595474159119e-02 5.149206696293453511e-01
6.465973532037230798e-02 5.163277217260174856e-01
6.584650619069241928e-02 5.162346939145767699e-01
6.808341658734569368e-02 5.166292897101195658e-01
6.958373568999386138e-02 5.164060663832347187e-01
7.144062309171440861e-02 5.171893769281206144e-01
7.407422007745702308e-02 5.162869285170587075e-01
7.719414807853469673e-02 5.163828055968134878e-01
7.987831206010706508e-02 5.160498049425338296e-01
8.606083679884626858e-02 5.175445690237741037e-01
8.766844661303771491e-02 5.170448412227300894e-01
1.029190442889266616e-01 5.243558704660440384e-01
1.496973788292776386e-01 5.482719048431216047e-01
1.518210403778182116e-01 5.484282049696562744e-01
1.565979589823048024e-01 5.504232487763204285e-01
1.584926724555267563e-01 5.511965437706384252e-01
1.606915975260302665e-01 5.523169668917343733e-01
1.615543995013755951e-01 5.528767830849047327e-01
1.641740455385031217e-01 5.544969238421519897e-01
1.787853458539073737e-01 5.625302231347084625e-01
2.079666476637114791e-01 5.784468316343571725e-01
2.101094576071058373e-01 5.797157459458026629e-01
2.118715448905235110e-01 5.821985002027326717e-01
2.150584130714024156e-01 5.842749360395678160e-01
2.209021956413813603e-01 5.879976883967616974e-01
2.215508151977914064e-01 5.896924078550507264e-01
2.233862876806290976e-01 5.922865886181343242e-01
2.247433364298235814e-01 5.953066178505951322e-01
2.289676706048522914e-01 5.969966149850401971e-01
2.304200245592601393e-01 5.993673072078442576e-01
2.359157780688009853e-01 6.046241513812240509e-01
2.438200666412939921e-01 6.102315619733577057e-01
2.503453028816291503e-01 6.152252951989031216e-01
2.704411567066976052e-01 6.260708582919272125e-01
2.737379641277094544e-01 6.284095256724820944e-01
3.112709354351175794e-01 6.480062685714524928e-01
4.225285229075604887e-01 7.047275998926242346e-01
4.252869015196886759e-01 7.060420327383545303e-01
6.167603607502470942e-01 8.035388069137816558e-01
1.186727954651980665e+00 1.096183453816822917e+00
1.200013707196028401e+00 1.103695211093305151e+00
1.202695003084139680e+00 1.105735098682390616e+00
1.204760960996557273e+00 1.107462156797192954e+00
1.208227671874242848e+00 1.109913007541621699e+00
1.215667089110016974e+00 1.114406835854791167e+00
1.218321853753267181e+00 1.116382290193314697e+00
1.221478589259147096e+00 1.118159316902126665e+00
1.224073198715587063e+00 1.120406979335831998e+00
1.225761891112259194e+00 1.121816816290789998e+00
1.227894378694308175e+00 1.123644273967924656e+00
1.232808176512616649e+00 1.127023620862283027e+00
1.235546729787818654e+00 1.129232616367208841e+00
1.251553475054852926e+00 1.138666639422097449e+00
1.294934214536267225e+00 1.163275062764053569e+00
1.296047966266933527e+00 1.164506371838133880e+00
1.297326363013732164e+00 1.165603974660776920e+00
1.298033516326132952e+00 1.166233508002966435e+00
1.299514701761096847e+00 1.167073510399044167e+00
1.330786665516131784e+00 1.184270667159769364e+00
1.429192136570417437e+00 1.238560910199667076e+00
1.430471192226482335e+00 1.239077821180244676e+00
1.431252167311187096e+00 1.238943144073963554e+00
1.431892201746266524e+00 1.238520709447978430e+00
1.445759423699906288e+00 1.245819770208233424e+00
1.485716373400951529e+00 1.267674799022812326e+00
1.489100295282607789e+00 1.269199724988818057e+00
1.494995931551212465e+00 1.272091067318111390e+00
1.497329966350378516e+00 1.273378657465852326e+00
1.502185222467070425e+00 1.274472884614449297e+00
1.503560222624966469e+00 1.276952609114364812e+00
1.505260882583064452e+00 1.277974094999256405e+00
1.507254999888105074e+00 1.279191846550467249e+00
1.509002333903855408e+00 1.279956873814041662e+00
1.511007389057929418e+00 1.281567372089033485e+00
1.517556263094550051e+00 1.285582710453023747e+00
1.522449939325853929e+00 1.288357604346071605e+00
1.524465629598453109e+00 1.289201196745878963e+00
1.525487836328190294e+00 1.289527288122510384e+00
1.527476919482486428e+00 1.291173265001375858e+00
1.531087769218505423e+00 1.294411825437819408e+00
