2.622994175247014836e-01 5.000000000000105471e-01
2.622994175247014836e-01 5.000000000000105471e-01
2.526243740815792838e-01 4.999486532602054889e-01
2.377882958180729811e-01 4.998457191201146066e-01
2.211801937890664205e-01 4.994305015501556699e-01
1.994681319448638745e-01 5.003575347984345889e-01
1.796416550001349866e-01 5.002060763454502235e-01
1.645767848670845190e-01 4.975074014749644169e-01
1.453350226490650043e-01 4.967616851530218258e-01
1.342875566858262315e-01 4.927607698292773009e-01
1.223589874218772994e-01 4.889903199092050512e-01
1.125278323251537871e-01 4.850807990980409712e-01
1.009110659621935413e-01 4.820719172263701613e-01
9.052837316329226391e-02 4.790930032684865836e-01
8.130828081058216750e-02 4.766775549340348528e-01
7.363327405396279113e-02 4.712730165874451926e-01
6.545720959506683145e-02 4.670893049305347988e-01
5.983758028528057132e-02 4.629629101877817954e-01
5.437640501257900300e-02 4.588387960261138820e-01
4.945450065334740242e-02 4.546100114013206794e-01
4.487016415388404150e-02 4.509261455930687612e-01
4.000855805843426399e-02 4.478715917873287711e-01
3.461389991800469662e-02 4.454166884146957273e-01
2.941681097662967453e-02 4.425152821573916651e-01
2.454310855035107125e-02 4.400493003560206340e-01
1.732584215024411331e-02 4.391120943719077352e-01
9.778333380755099488e-03 4.386731992118181878e-01
3.680137690877440752e-03 4.375281900233185528e-01
9.001057101204030207e-04 4.352027261060193442e-01
4.534299607805009763e-03 4.345101672832068496e-01
6.152969003351618782e-03 4.323482448059393080e-01
7.413061691097169378e-03 4.307030036330398159e-01
8.860106112855051230e-03 4.295805732081122708e-01
1.396008170612406639e-02 4.307540302723936176e-01
3.128733845501114469e-02 4.392011398753965512e-01
5.236321310375424004e-02 4.502396922042573024e-01
6.977375117351197753e-02 4.593835495374212763e-01
1.214639275215000369e-01 4.880647211464958501e-01
1.246055553641853969e-01 4.894023915673728076e-01
1.334013939949044159e-01 4.942773737064424244e-01
1.338024663093844990e-01 4.945968180571439499e-01
1.384424506868604798e-01 4.970522812115139022e-01
1.427012863728676917e-01 4.995650626498502889e-01
1.491757100481714282e-01 5.034534016878995377e-01
1.523336659293797746e-01 5.058407120036902960e-01
1.544755878999248544e-01 5.076021933450252099e-01
1.564605857952958978e-01 5.093601017371185424e-01
1.607687933808375491e-01 5.124198869017853042e-01
1.617252619724309226e-01 5.167881162868310785e-01
1.623862682003185398e-01 5.146753975130688996e-01
1.627676212735003347e-01 5.157871477647627545e-01
1.634693659409153510e-01 5.174149474067185617e-01
1.689807016715101917e-01 5.216847564017135230e-01
1.761564413111529059e-01 5.267479626672223469e-01
1.766035124999613681e-01 5.281651737704439187e-01
1.774180088167976732e-01 5.300072890552052218e-01
1.780672088323731750e-01 5.317142712808053950e-01
1.788225407754308882e-01 5.334685000385831488e-01
1.794865031045400905e-01 5.351439968247805323e-01
1.816351066915970758e-01 5.379871157138088611e-01
1.880718469164229523e-01 5.436096275079266293e-01
2.113808351032079036e-01 5.582524340745607105e-01
2.131334914991488971e-01 5.605840381806199701e-01
2.188386810727806497e-01 5.651572215843846392e-01
2.309531188769758936e-01 5.733690310579191429e-01
2.620751920929456080e-01 5.919529504360047101e-01
2.638918130296615816e-01 5.946261731900149838e-01
2.926068307409667169e-01 6.121163001257806657e-01
3.612614482622777401e-01 6.512860181101930435e-01
3.622138205030782099e-01 6.531086949195046287e-01
3.641123850326293820e-01 6.555294868931408336e-01
3.657809043526266679e-01 6.574205495882745609e-01
3.670301186685309691e-01 6.592019038835172928e-01
3.741025347562638159e-01 6.631099871236659782e-01
3.790141386260693634e-01 6.657949178602106111e-01
3.848965997252909998e-01 6.686408514101818135e-01
3.904671590619678834e-01 6.701670219331834488e-01
4.022727858077965180e-01 6.749201310438103230e-01
4.376626074529391675e-01 6.927666622649542028e-01
5.386764262909387035e-01 7.457009442118395226e-01
5.476535076321755735e-01 7.488346776331655796e-01
5.603343400574056776e-01 7.540050880615486451e-01
5.673349351357701575e-01 7.560075046372652929e-01
5.811444085957714334e-01 7.617310597199611344e-01
5.848903728653076506e-01 7.620957569851253277e-01
5.908373644491947685e-01 7.638204701500286298e-01
5.943983058477168013e-01 7.639179443097759981e-01
5.965400126913785739e-01 7.636734244305082298e-01
5.995609678145547017e-01 7.639920776537545422e-01
6.023988615440050154e-01 7.643067101748558523e-01
6.064681966959748483e-01 7.654862906404888978e-01
6.119182658596442614e-01 7.675729825863356615e-01
6.159892614220080498e-01 7.690146456673517816e-01
6.236214946119782443e-01 7.729099442759659322e-01
6.259646312732107809e-01 7.732505588630894655e-01
6.308426395887052340e-01 7.753766402545892999e-01
6.334747699006511024e-01 7.764436043336888638e-01
6.377727742402363731e-01 7.786192301442554919e-01
6.384927880544708501e-01 7.788785224932746054e-01
6.401824111923932747e-01 7.795633456475313805e-01
6.454982891947584900e-01 7.825229887155139563e-01
