3.804594388402739343e-03 5.000000000000105471e-01
3.804594388402739343e-03 5.000000000000105471e-01
3.627070091729675972e-03 4.976936437356260234e-01
3.549133858088087887e-03 4.954286898990107879e-01
3.514438234879971746e-03 4.940215183614137251e-01
3.165529343753723229e-03 4.933361303155661126e-01
3.184666157133766128e-03 4.930569777459024583e-01
3.187808361663030995e-03 4.925811081689412951e-01
3.231826056811417259e-03 4.922636675748661150e-01
3.156991400104199822e-03 4.932738595981706053e-01
2.864446546571832158e-03 4.932340754093018087e-01
2.688433814514767754e-03 4.943912546053284562e-01
2.616700030730740884e-03 4.955932766765054898e-01
2.532943289522433111e-03 4.967139279603862700e-01
2.481952831291564607e-03 4.988207456325125522e-01
2.238184514232785527e-03 5.012673866072639983e-01
1.631662861895642400e-03 5.039706470612511646e-01
8.649607699021943106e-04 5.078078068712915671e-01
1.131886287186765171e-03 5.103232219404431058e-01
2.181169086861832127e-03 5.118146498701950931e-01
2.312202070479439740e-03 5.123800998484158153e-01
2.612453039288704058e-03 5.118042662251399699e-01
3.207315749823008450e-03 5.106660048758122628e-01
3.322998039873824479e-03 5.107482380953016765e-01
3.331504249167144271e-03 5.104005342727467864e-01
3.444918507878731197e-03 5.095254713114584222e-01
3.577740417488056972e-03 5.077854094084558456e-01
3.611258930232597985e-03 5.058026506098436403e-01
3.698242778586082781e-03 5.036908521711281894e-01
3.798823780136794358e-03 5.013232488677320520e-01
4.043039313904654881e-03 4.991658389549565866e-01
4.135214625466482330e-03 4.984215601706223908e-01
4.204976197079722360e-03 4.973284122604654800e-01
4.344322149524130344e-03 4.967523791399872657e-01
4.511034580313527838e-03 4.973102140013960781e-01
4.568919571923567811e-03 4.961307896210341850e-01
4.638615676826675881e-03 4.964073419624933092e-01
4.692115202809008477e-03 4.973244974812856545e-01
4.744676195089538029e-03 4.978747605447659264e-01
4.893166781174132333e-03 4.992303227261339904e-01
4.872426095954675643e-03 5.014926841954753245e-01
5.159643420916253456e-03 5.046542859490672495e-01
5.769456321892298470e-03 5.081638590075497897e-01
5.922324931450217815e-03 5.110693090856539555e-01
5.971961243046748115e-03 5.140235312552807745e-01
5.977022473984720634e-03 5.161197345716509455e-01
6.092971031451616462e-03 5.185681670782910091e-01
6.477749061552748669e-03 5.194845052996873713e-01
6.771527596790062088e-03 5.192997270565257173e-01
6.777240991886442252e-03 5.189582134792830592e-01
7.993506954602628764e-03 5.188379538700226279e-01
1.332597096378310315e-02 5.201469060963133106e-01
1.524775442198374707e-02 5.201022316239662935e-01
1.522694499912806421e-02 5.195531557176357174e-01
1.531608468888974624e-02 5.181016246749282628e-01
1.538260528177689407e-02 5.176134509399055172e-01
1.547538914170407988e-02 5.162749815626662686e-01
1.557793806445415333e-02 5.145906015877822481e-01
1.577083657693283819e-02 5.136493606834083847e-01
1.601598930654157468e-02 5.112198819718386522e-01
1.609593733210297126e-02 5.104475746375809475e-01
1.611974125847638606e-02 5.083614673296400488e-01
1.637006028904090110e-02 5.069711093276740854e-01
1.668920221995492947e-02 5.064062154984925179e-01
1.709150689418746996e-02 5.053517660092871067e-01
1.791339787351317950e-02 5.035325278195036391e-01
1.798259298499407799e-02 5.013511611948928692e-01
1.795386710978043310e-02 4.997570913552761840e-01
1.782643990333980175e-02 5.000361513757192178e-01
1.796225325210150381e-02 4.993612546019373100e-01
1.817319310795400059e-02 4.979504281544987476e-01
1.829640412740065128e-02 4.971492733842592937e-01
1.834001496343312665e-02 4.969076458839070121e-01
1.848737987571452690e-02 4.955644223776328738e-01
1.883550518833780260e-02 4.954250076014666826e-01
1.892718282257204246e-02 4.973255582118452089e-01
1.916523475759149275e-02 4.948328801502580587e-01
1.990579123665368530e-02 4.964095563793267107e-01
1.974507333793346087e-02 4.996009431116831823e-01
1.991378361290299312e-02 5.011188657132104041e-01
1.982156652826396609e-02 5.036391486246422078e-01
2.587585509031466169e-02 5.106535521367842057e-01
4.601092003764946370e-02 5.244811412317239574e-01
4.670301651799026177e-02 5.288470778362683866e-01
4.860338969678314885e-02 5.332410000349524504e-01
4.995403725715374249e-02 5.363955335423622461e-01
5.099937090040645993e-02 5.363024772538327323e-01
5.093309474331178532e-02 5.350875212233734413e-01
5.100737243063114407e-02 5.335204434438983734e-01
5.124623372169545554e-02 5.325821219689204078e-01
5.174186432801512747e-02 5.310435931163494105e-01
5.178267143085414637e-02 5.303039840819507855e-01
5.176996984505029958e-02 5.295700880005693723e-01
5.175811639046186408e-02 5.291350791883606686e-01
5.176494515659915002e-02 5.293185000062812229e-01
5.192792134244929997e-02 5.320420263529309635e-01
5.205311045967776773e-02 5.339354368879457580e-01
5.207214656650491214e-02 5.346531901443566381e-01
5.221327695671434954e-02 5.351863102805141104e-01
5.221023641918378505e-02 5.332638639692616200e-01
5.247505023475545344e-02 5.321906397234995589e-01
