# Time, lr2_cd, lr5_cd, lr9_cd, lr2_cr, lr5_cr, lr9_cr
# Cloud: number of gas particles: 50000, total mass: 99999 MSun, virial radius: 10 pc;
# Cluster: number of stars: 5000, total mass: 10000 MSun, virial radius: 3 pc;
# Initial position of cluster: [-200, -200, 0] parsec; Initial velocity of cluster: [3, 3, 0] kms.
0.0,4.27668063205,7.65861420222,21.6335943958,1.28902608746,2.35213839746,6.32571296723
1.0,4.30660186638,7.72657956971,21.6293742308,1.37988779737,2.33607754554,6.14082843134
2.0,4.29496147718,7.81875078318,21.6797028089,1.39743357385,2.51885825029,6.24807161111
3.0,4.28296408836,7.81118134774,21.8397872422,1.47511568874,2.59868689799,6.28527737552
4.0,4.27138422863,7.79038757834,22.0897880223,1.44473931199,2.59393465448,6.39165815212
5.0,4.25163783644,7.76766033509,22.3856552509,1.31446508526,2.35376273352,6.47641302325
6.0,4.24442023121,7.73620961249,22.7460156141,1.36397915166,2.38318732628,6.58987301896
7.0,4.23191401257,7.72033257002,22.9973255676,1.43428231337,2.5395072651,6.43002136017
8.0,4.22757991081,7.70669883954,22.9570135964,1.42842723413,2.46915234714,6.37101254641
9.0,4.22574571467,7.69979919187,22.6720027534,1.39233969253,2.51076665379,6.47335669977
10.0,4.2245008351,7.6921402721,22.4204125176,1.41736501057,2.52681747819,6.57058111657
11.0,4.22311849522,7.68553596871,22.2504174094,1.4059205077,2.39332001667,6.65158016349
12.0,4.2217991768,7.6841960905,22.1813381077,1.33821279057,2.39263899335,6.48291042718
13.0,4.22225244116,7.69115232625,22.1369596439,1.50403426887,2.50617686686,6.28939456292
14.0,4.22172935382,7.68760302788,22.1041116073,1.31046433402,2.51836144447,6.02192334762
15.0,4.22064876228,7.68868138119,22.0834907897,1.43122819284,2.5072389201,6.10364309046
16.0,4.21770211695,7.69157004347,22.0475413811,1.36102655682,2.45367648359,6.10097526119
17.0,4.21965482908,7.69055272012,22.0349348514,1.40657699152,2.45600228988,6.57530824192
18.0,4.21885223281,7.69539244235,22.0784428374,1.44166746136,2.51314259248,6.81091179648
19.0,4.21816406348,7.69660479574,22.1175609545,1.45424607932,2.55958722042,6.8594132856
20.0,4.21872660669,7.69364911923,22.1462106646,1.41064541654,2.51378304619,6.69967108223
21.0,4.21773666336,7.69346475298,22.1256135641,1.39453711203,2.48205563395,6.4581042737
22.0,4.21805581297,7.69617653964,22.0905002571,1.42080660381,2.42144482101,6.49714418438
23.0,4.21643100917,7.69400466837,22.0501077874,1.35382742843,2.48582672473,6.21104659336
24.0,4.21620384864,7.69172986927,22.0346096629,1.45741728227,2.49992574787,6.30277864882
25.0,4.21702345056,7.68652302602,22.0218021913,1.34373963165,2.42665146579,6.48313150266
26.0,4.21723043366,7.6865734898,22.0284221377,1.42721383302,2.49585767052,6.56060018713
27.0,4.2147181909,7.68678428445,22.027749682,1.4304170931,2.53794181235,6.72911346744
28.0,4.21452682143,7.68560883127,22.0245785529,1.39901414527,2.51558035723,6.76860568503
29.0,4.21485521966,7.68633243265,22.0310592934,1.33212754654,2.44805516725,6.77160173309
30.0,4.21343243141,7.68647603336,21.9972929286,1.44007499577,2.43669816216,6.50367814135
31.0,4.21436146052,7.68646887851,22.0005722955,1.3999043041,2.4763585013,6.24209670096
32.0,4.21367183392,7.68585051527,22.0171198512,1.37791954392,2.47580396122,6.2675020763
33.0,4.21464796087,7.6850592159,22.020304881,1.39918859135,2.44416370954,6.40143097295
34.0,4.21568381002,7.68510730424,22.0252681481,1.36506368118,2.43743477767,6.52934432115
35.0,4.21596306246,7.68364286325,22.0270786639,1.38903363754,2.50023463523,6.63939086014
36.0,4.21723760345,7.68557556883,22.0214955423,1.44602630667,2.49106982948,6.67526951452
37.0,4.21671312948,7.68674700967,22.0358948635,1.33785834615,2.47968544416,6.80708999027
38.0,4.21529981646,7.68610082905,22.044465974,1.48267238361,2.49695666651,6.68657597488
39.0,4.21563267181,7.68821153359,22.0444908939,1.33215074317,2.51382240089,6.65814166843
40.0,4.2156000406,7.68627607367,22.0370988911,1.31753090532,2.37072315853,6.64251330209
41.0,4.21368484001,7.68570170699,22.0373266544,1.35264447254,2.47683301336,6.63412631839
42.0,4.21331373778,7.68680968684,22.0304830226,1.39647835338,2.51731296626,6.55895764821
43.0,4.21361046016,7.68741266244,22.0235177086,1.35197936213,2.42790557329,6.76125930463
44.0,4.21179692442,7.68786179454,22.0037937467,1.41265757266,2.52777589632,6.71406706091
45.0,4.21201475276,7.68785692236,22.0018073671,1.42176174486,2.56627358003,6.87135159899
46.0,4.21333555982,7.68652031211,21.9989186165,1.4099157518,2.49973318103,6.89703842496
47.0,4.21301527726,7.688109058,21.9868413563,1.31800318684,2.41003808319,6.79410957454
48.0,4.21496975601,7.68838541307,21.9888820641,1.4539596169,2.4603362813,6.88432713651
49.0,4.21390403806,7.68887801495,21.9830955194,1.30578055828,2.52717405345,6.81308647889
50.0,4.21418603354,7.68875817656,21.9911488023,1.36275642442,2.50695271492,6.67010183266
51.0,4.21389746857,7.68766130658,22.0065357859,1.34313938697,2.51596237411,6.85574587389
52.0,4.21571895603,7.69013718637,21.9861366145,1.35498846397,2.50133614964,7.00110306551
53.0,4.21803835743,7.68927671217,21.980453978,1.43638083185,2.48968099543,6.9396171801
54.0,4.21724680875,7.68746905912,21.9905673548,1.32740790086,2.49786524761,6.73443092279
55.0,4.21687427209,7.68741526656,21.9879554551,1.35582194027,2.46598022152,6.77556173529
56.0,4.20898296732,7.67159809623,21.8980954821,1.27837858209,2.45707791497,6.74120001962
57.0,3.96599001237,7.37990642251,21.7812590599,1.09061464916,1.91283618123,5.7086264383
58.0,3.91296977018,7.13166424803,21.5583873436,1.3893022041,2.43650692903,5.52778603034
59.0,4.15502532888,7.45067144856,21.222127802,1.85983915023,3.63040174708,7.81676796947
60.0,4.33079942924,7.8863287159,21.0213347729,1.87983601531,4.353869129,10.9641416802
61.0,4.4198943633,8.14985424999,21.5689442045,1.74916173951,4.6920074917,14.2917696563
62.0,4.44088305322,8.24533402353,22.8807920554,1.5770135941,4.62712265709,17.8215939644
63.0,4.42623423824,8.22745585202,24.2370935964,1.56730772635,4.08608262361,21.7307424604
64.0,4.38764512141,8.15773996665,25.5169611805,1.6299571256,3.6522566043,25.7129359397
65.0,4.35764779898,8.08306284022,26.5678059964,1.66102674808,3.7194245196,29.4985187173
66.0,4.34225931311,8.02378031811,27.4469960208,1.63642866592,3.83545769572,33.7581887258
67.0,4.32231507362,7.99092926553,28.1813795642,1.65233026669,3.79906630538,37.8579313437
68.0,4.32752571113,7.98431983691,28.6744819372,1.59930060563,3.94828847751,41.972670529
69.0,4.33091374236,7.98077294551,28.8430945507,1.64090534568,3.83625688985,46.5105623567
70.0,4.3358123773,7.98238896891,28.6530959634,1.69826008631,3.73140721964,51.2346731676
71.0,4.32919662769,7.98616894142,28.092356587,1.55578521955,3.77702757352,55.9536638917
72.0,4.33213019593,7.98029692741,27.2825763192,1.65433705183,3.91742321664,60.4816265854
73.0,4.33220596594,7.9829042734,26.5133015609,1.6939713112,3.95136073769,65.0890436318
74.0,4.32774916349,7.97617985675,26.0221346892,1.69987287302,3.92597336646,69.2801910895
75.0,4.32547625394,7.97541161075,25.8266264674,1.6306888625,3.82258519571,72.653677965
76.0,4.32076945038,7.9695876368,25.8034489049,1.63732044688,3.88840123469,76.4190248698
77.0,4.32072208325,7.96310525071,25.8295331907,1.58418143457,3.78451063054,80.5347962581
78.0,4.32002254333,7.96189649888,25.906367901,1.66379648622,3.8431340329,84.5733102976
79.0,4.32215406852,7.96524416619,25.9594743433,1.64130416943,3.87993559346,87.5864225747
80.0,4.32281795007,7.97059882616,25.9021814784,1.63180778328,3.89042394067,90.8509316584
81.0,4.32560914167,7.97986866522,25.8165422865,1.54906010138,3.7762751387,94.590432745
82.0,4.32951283266,7.97807313845,25.783242013,1.61720580232,3.8260044057,97.3139635504
83.0,4.32954484272,7.9805141986,25.755218251,1.62850515807,3.91324025925,101.092425143
84.0,4.32338612678,7.97953262758,25.770245628,1.61688295147,3.91842280574,104.020077711
85.0,4.31964756902,7.96757971158,25.8359192057,1.62682407623,4.03372961497,107.25174596
86.0,4.32358631583,7.96695070572,25.8672403323,1.705000173,3.99646013123,110.722889333
87.0,4.32445211089,7.97062196543,25.8754253906,1.57347917452,4.0704924853,114.084259176
88.0,4.32209956318,7.96931261649,25.9032396094,1.56033752161,3.84280148327,117.431365079
89.0,4.32180395113,7.96591265194,25.8880092115,1.65576817776,3.73663320521,120.174899181
90.0,4.31978822648,7.96109902781,25.8095921327,1.56802998763,3.84856736239,121.589671638
91.0,4.31703899235,7.95763656792,25.7925475702,1.63568547331,3.86700546331,125.588748779
92.0,4.31257669227,7.95354455411,25.7252946694,1.63541137167,3.92445804883,129.689893431
93.0,4.31156817377,7.94904866896,25.6682966656,1.56689621886,3.94075547968,133.735930118
94.0,4.31058703506,7.94694288483,25.6669840675,1.62660033635,3.9685128644,138.369589131
95.0,4.31210790107,7.95072155799,25.6378826393,1.64450112293,4.01091138818,141.955124447
96.0,4.31349008442,7.95534314474,25.5958000778,1.55862709697,3.9987377726,146.23387908
97.0,4.314143722,7.95562875594,25.5820288703,1.58098093626,3.98775992153,150.761373664
98.0,4.31310760233,7.95476144746,25.5517711675,1.58824730437,4.02472733404,155.389802075
99.0,4.3148478265,7.95432936357,25.569213303,1.62924467401,3.98679845177,159.822930257
100.0,4.31674609388,7.95330419919,25.5791208379,1.64261026892,3.99259432669,164.468897288
101.0,4.31228889488,7.94930356714,25.6032036058,1.62035061281,3.98312914295,169.079183128
102.0,4.31149966511,7.94200478911,25.6312751751,1.53940837319,4.00743849822,173.555994402
103.0,4.31289702394,7.94715048034,25.6196151769,1.58875748122,3.93851207651,177.833534856
104.0,4.31503089247,7.95208923009,25.6073920197,1.59109848728,4.00565182847,182.427248062
105.0,4.31449469567,7.95507453591,25.5793845647,1.58711347329,4.07916647652,187.361701134
106.0,4.31336165258,7.95242603554,25.5462846553,1.56838259156,4.04290455683,191.803259916
107.0,4.31363552301,7.95079604262,25.5225742115,1.56267784057,3.97122055601,196.36890689
108.0,4.31365835419,7.95049885498,25.4987357929,1.53597713155,4.0134709845,200.925274535
109.0,4.30950577006,7.94620324057,25.5021541058,1.6386478529,4.10585307902,205.433648527
110.0,4.30470935167,7.93695255487,25.51172355,1.6138706866,4.21077325735,209.83522632
111.0,4.30454609658,7.93319440721,25.5179661494,1.59944405903,4.0718007707,214.090075225
112.0,4.3087572318,7.9411129768,25.4999949795,1.63739304871,4.06808599841,218.106278953
113.0,4.31342211546,7.94917931332,25.4909281394,1.57771645821,3.99127602382,222.875091813
114.0,4.31355336707,7.95459581367,25.4763420345,1.61197338624,3.99201924393,227.784284095
115.0,4.31258638959,7.95655943004,25.4620249562,1.63914498276,4.07727361821,232.479598223
116.0,4.31295772118,7.95217024471,25.4809613166,1.58467152451,4.07689113758,236.720383534
117.0,4.30948393294,7.94722754535,25.4990688901,1.57806743607,4.14779494114,241.68188494
118.0,4.30689570189,7.9394377647,25.5135951076,1.58773834733,4.08309877853,247.511363529
119.0,4.30841525562,7.94074079826,25.5502589264,1.59726101168,4.06948608334,252.296478392
120.0,4.30815072032,7.94578984937,25.5850694281,1.52929807339,4.01080219006,257.033799712
