# Time, Ek_cd, Ep_cd, Etot_cd; Ek_cr, Ep_cr, Etot_cr
# Cloud: number of gas particles: 50000, total mass: 99999 MSun, virial radius: 10 pc;
# Cluster: number of stars: 10000, total mass: 50000 MSun, virial radius: 3 pc;
# Initial position of cluster: [-200, -200, 0] parsec; Initial velocity of cluster: [3, 3, 0] kms.
0.0,-0.0,1.0,1.0,-3.03508838636,4.03508838636,1.0
1.0,-0.00670176525637,0.991853242352,0.985151477096,-2.8354025446,3.82938956838,0.99398702378
2.0,-0.00447118973728,0.984404054072,0.979932864335,-2.87882034434,3.87859602435,0.999775680009
3.0,-0.00327046822603,0.981938611433,0.978668143207,-2.9095982638,3.91713013721,1.00753187342
4.0,-0.00238351570355,0.982035023787,0.979651508083,-2.89822028721,3.9089998916,1.01077960438
5.0,-0.00176203447206,0.984506941882,0.98274490741,-2.91167266262,3.92893115436,1.01725849174
6.0,-0.00143262388577,0.987948667069,0.986516043183,-2.9383536707,3.964532069,1.0261783983
7.0,-0.00123467756193,0.990573072018,0.989338394456,-2.95339750191,3.98494489845,1.03154739653
8.0,-0.00106325014912,0.991668198673,0.990604948523,-2.95253314567,3.9847125563,1.03217941063
9.0,-0.000918241626816,0.991989647639,0.991071406013,-2.94372468613,3.98039672571,1.03667203958
10.0,-0.00080274536218,0.992376606742,0.99157386138,-2.99051402379,4.03484171267,1.04432768888
11.0,-0.000720089411596,0.993144888835,0.992424799424,-2.96805050933,4.01612984696,1.04807933763
12.0,-0.000659207450226,0.994191907564,0.993532700114,-2.9785955105,4.03157505643,1.05297954593
13.0,-0.000603694160024,0.995158421583,0.994554727423,-2.97882644288,4.03653109668,1.0577046538
14.0,-0.000554376074592,0.995777014925,0.995222638851,-3.02278406287,4.0835196078,1.06073554493
15.0,-0.000523294312569,0.996017397431,0.995494103118,-2.98733005821,4.04610449206,1.05877443385
16.0,-0.000501180409712,0.995845879636,0.995344699226,-3.008867721,4.0722681525,1.0634004315
17.0,-0.000479305446918,0.995298740449,0.994819435002,-3.02603667279,4.08714688849,1.0611102157
18.0,-0.000460569555111,0.994564390605,0.99410382105,-3.03142287659,4.09675377138,1.06533089479
19.0,-0.000449469893373,0.99389503966,0.993445569766,-3.04309866094,4.11254404521,1.06944538427
20.0,-0.000447892506183,0.993712796818,0.993264904312,-3.05030681009,4.11787100911,1.06756419902
21.0,-0.000453308589294,0.994247491213,0.993794182624,-3.07633057648,4.14149930885,1.06516873237
22.0,-0.00046246285718,0.995270357883,0.994807895025,-3.08985668385,4.1563350308,1.06647834696
23.0,-0.000475539836471,0.996309444956,0.995833905119,-3.10984071149,4.17428295105,1.06444223956
24.0,-0.00049422698785,0.99699318853,0.996498961542,-3.08154446182,4.14311567305,1.06157121123
25.0,-0.000518942441066,0.997266395599,0.996747453158,-3.07495763859,4.13600205465,1.06104441606
26.0,-0.000550831006476,0.997262447425,0.996711616419,-3.11457986326,4.17370832081,1.05912845755
27.0,-0.000589075891909,0.99716568221,0.996576606318,-3.12779229139,4.17690086079,1.0491085694
28.0,-0.000634218659466,0.997072729839,0.99643851118,-3.14530128867,4.18871728089,1.04341599221
29.0,-0.000687310868755,0.996939782693,0.996252471824,-3.18076077816,4.21694185134,1.03618107318
30.0,-0.000747629262172,0.996776665758,0.996029036496,-3.17219743589,4.20383464205,1.03163720617
31.0,-0.000817334997225,0.99662959068,0.995812255683,-3.17157615516,4.19632874572,1.02475259056
32.0,-0.000898868870164,0.99655604617,0.9956571773,-3.17972414789,4.19465159995,1.01492745206
33.0,-0.00099457894107,0.996557337623,0.995562758682,-3.19445724232,4.19506153225,1.00060428993
34.0,-0.00110803221101,0.996608242417,0.995500210206,-3.21245633476,4.19899640381,0.986540069048
35.0,-0.00124122784893,0.996681980946,0.995440753097,-3.21804457052,4.19472559618,0.976681025658
36.0,-0.00139841667235,0.996757595886,0.995359179214,-3.23173938357,4.19428635825,0.962546974681
37.0,-0.00158293059626,0.996799948549,0.995217017953,-3.24694147121,4.19802807293,0.951086601722
38.0,-0.00180424670507,0.996800988367,0.994996741662,-3.26124715598,4.18985240835,0.928605252375
39.0,-0.0020685591736,0.996717291986,0.994648732812,-3.26810339747,4.17007729247,0.901973895004
40.0,-0.00237926953514,0.996646413638,0.994267144103,-3.34517977446,4.22798443209,0.882804657627
41.0,-0.00275611637334,0.996605155698,0.993849039325,-3.3185907566,4.16417086834,0.845580111742
42.0,-0.00322131769369,0.996610282564,0.993388964871,-3.40440376169,4.2235247048,0.819120943108
43.0,-0.00379802414398,0.9967031124,0.992905088256,-3.39194775352,4.17500304959,0.783055296065
44.0,-0.00451872025495,0.996777539062,0.992258818807,-3.43276929831,4.16701825164,0.734248953329
45.0,-0.00545684672187,0.996779139806,0.991322293084,-3.50407520549,4.1868458372,0.682770631716
46.0,-0.0066947356974,0.996718004466,0.990023268768,-3.57454416063,4.20022826261,0.625684101981
47.0,-0.0083855779291,0.996631796456,0.988246218527,-3.62597052938,4.17984650449,0.55387597511
48.0,-0.0107633408213,0.996526998033,0.985763657211,-3.69535815153,4.16557918394,0.47022103241
49.0,-0.0142810601142,0.996430851827,0.982149791712,-3.79721901398,4.13993957736,0.34272056338
50.0,-0.0199495173349,0.996316863472,0.976367346137,-3.9878133545,4.14725180421,0.159438449716
51.0,-0.0299447175211,0.996223465543,0.966278748022,-4.27279910408,4.16422615332,-0.108572950768
52.0,-0.0518330786767,0.996308783504,0.944475704828,-4.73931923101,4.1671287273,-0.57219050371
53.0,-0.123940246102,0.998173986084,0.874233739982,-5.88174475325,4.1782270391,-1.70351771416
54.0,-0.388454581047,1.09986194097,0.711407359921,-8.39983716897,4.72387707531,-3.67596009366
55.0,-0.385447609021,1.12826493005,0.742817321027,-8.26733291418,4.92845727654,-3.33887563765
56.0,-0.36330281163,1.12548727308,0.762184461449,-7.93671307821,5.09918777866,-2.83752529955
57.0,-0.327148656255,1.13220582473,0.805057168478,-7.45918971854,5.18026802718,-2.27892169136
58.0,-0.384089372464,0.498348940625,0.114259568161,-2.43304742061,4.08832915541,1.6552817348
59.0,-0.373741500975,0.458077036524,0.084335535549,-2.39277194657,4.05948433727,1.6667123907
60.0,-0.367224008789,0.439304693778,0.0720806849887,-2.38394929059,4.03396671139,1.6500174208
61.0,-0.362495707373,0.433094205714,0.0705984983402,-2.38833214654,4.04756954013,1.65923739359
62.0,-0.378868785735,0.430016866278,0.0511480805436,-2.38741617629,4.09868228976,1.71126611347
63.0,-0.375333971878,0.420857298534,0.0455233266559,-2.3762056958,4.09823576081,1.72203006501
64.0,-0.358860924808,0.41094122675,0.0520803019421,-2.38141383883,4.08222429622,1.70081045739
65.0,-0.347650174436,0.405842964479,0.0581927900424,-2.42781326895,4.09745859963,1.66964533068
66.0,-0.34632774855,0.405006671549,0.0586789229982,-2.38136834917,4.06464394139,1.68327559222
67.0,-0.341592635433,0.402006590301,0.0604139548673,-2.46238700908,4.13862215865,1.67623514957
68.0,-0.327021656792,0.398611085212,0.07158942842,-2.50418597028,4.16283957048,1.65865360019
69.0,-0.320682488985,0.395699759235,0.07501727025,-2.45315193624,4.11086434255,1.6577124063
70.0,-0.320214705292,0.393995230172,0.0737805248797,-2.51500750427,4.171710125,1.65670262073
71.0,-0.318480135337,0.391795936826,0.0733158014887,-2.46605140016,4.1315804916,1.66552909144
72.0,-0.315149557228,0.390237991936,0.0750884347081,-2.46224191606,4.13469825731,1.67245634126
73.0,-0.312534046861,0.389335778425,0.0768017315638,-2.48791906297,4.16743751033,1.67951844736
74.0,-0.310353258082,0.389391535721,0.0790382776396,-2.54011844922,4.22166316488,1.68154471566
75.0,-0.306682320825,0.389771652398,0.0830893315735,-2.49562629042,4.17596472806,1.68033843763
76.0,-0.303686549694,0.389830766974,0.0861442172808,-2.4954767355,4.19171041974,1.69623368424
77.0,-0.301225318072,0.389828477073,0.088603159001,-2.47056565263,4.16154596982,1.69098031719
78.0,-0.299056894271,0.389406862408,0.0903499681373,-2.47244987748,4.16611849644,1.69366861896
79.0,-0.297680838847,0.389391891603,0.0917110527553,-2.55362777215,4.23635630773,1.68272853558
80.0,-0.297137240347,0.389518830483,0.0923815901362,-2.51410335972,4.20425262958,1.69014926987
81.0,-0.296137280198,0.388949513917,0.0928122337188,-2.50427799579,4.20155226017,1.69727426439
82.0,-0.29484816505,0.388312691293,0.0934645262431,-2.49742855718,4.19316620654,1.69573764936
83.0,-0.293590763233,0.387821147713,0.0942303844802,-2.53848618907,4.22815005693,1.68966386785
84.0,-0.291769375008,0.387474385377,0.0957050103696,-2.49089512142,4.19548183063,1.70458670921
85.0,-0.289296713611,0.387081934421,0.0977852208102,-2.50059930757,4.21605937788,1.71546007031
86.0,-0.287234045748,0.386356351413,0.0991223056653,-2.50906009725,4.21260168247,1.70354158523
87.0,-0.285248025047,0.386152817884,0.100904792837,-2.52270173396,4.22336870819,1.70066697423
88.0,-0.283234482011,0.385822484637,0.102588002625,-2.52689861775,4.2216625265,1.69476390875
89.0,-0.281204265005,0.385565851731,0.104361586726,-2.45117507971,4.16795205928,1.71677697957
90.0,-0.278975549479,0.385281170837,0.106305621359,-2.48609300301,4.19870006931,1.7126070663
91.0,-0.276791092287,0.385245487418,0.108454395131,-2.47837208372,4.20505895246,1.72668686873
92.0,-0.27477236931,0.384790325073,0.110017955764,-2.46580642612,4.1833993319,1.71759290578
93.0,-0.273163181472,0.384393181187,0.111229999714,-2.48874018013,4.19946938082,1.71072920069
94.0,-0.271979471801,0.383891347326,0.111911875524,-2.46330612481,4.18044924021,1.7171431154
95.0,-0.27175535796,0.383303853423,0.111548495463,-2.50883284411,4.20465075616,1.69581791205
96.0,-0.271855264602,0.382876959487,0.111021694885,-2.4767662714,4.18219745136,1.70543117995
97.0,-0.272161547964,0.382546222964,0.110384675,-2.49753961911,4.19728169738,1.69974207827
98.0,-0.272110531243,0.382329130281,0.110218599037,-2.47666382334,4.17406143697,1.69739761363
99.0,-0.272249809529,0.382132547558,0.109882738029,-2.48309463836,4.17885898395,1.69576434559
100.0,-0.272495040457,0.382150310741,0.109655270285,-2.46497669411,4.15235677395,1.68738007985
101.0,-0.272501118376,0.381992010817,0.109490892441,-2.43591099708,4.13459426846,1.69868327138
102.0,-0.271938246972,0.381722064514,0.109783817541,-2.50313180753,4.1933387378,1.69020693028
103.0,-0.271418867677,0.381822426426,0.11040355875,-2.46436066658,4.16720256095,1.70284189438
104.0,-0.270914073053,0.381539862532,0.110625789479,-2.46909815985,4.17875932651,1.70966116665
105.0,-0.269989189044,0.381161077253,0.111171888209,-2.462589133,4.17462205502,1.71203292202
106.0,-0.269009554087,0.380690400086,0.111680845998,-2.45076418619,4.16338504746,1.71262086127
107.0,-0.268654216896,0.380234003145,0.111579786249,-2.43823566912,4.14844130742,1.7102056383
108.0,-0.26883471799,0.380132301615,0.111297583625,-2.49383941536,4.19298811653,1.69914870117
109.0,-0.268648384743,0.380019677929,0.111371293186,-2.45130217033,4.15107104368,1.69976887335
110.0,-0.268235625423,0.379631914122,0.111396288699,-2.40899299294,4.12507857567,1.71608558274
111.0,-0.26814337677,0.379399654212,0.111256277442,-2.47879807015,4.16633716118,1.68753909103
112.0,-0.267193507605,0.379079346167,0.111885838562,-2.43461078133,4.14382112655,1.70921034522
113.0,-0.266617645589,0.378640858035,0.112023212446,-2.37119636797,4.0888580923,1.71766172433
114.0,-0.266427885324,0.37816864287,0.111740757545,-2.42424330176,4.13109188307,1.70684858131
115.0,-0.265912094463,0.378201246759,0.112289152296,-2.49070893544,4.21258011516,1.72187117973
116.0,-0.265326012621,0.378320848707,0.112994836086,-2.40620358224,4.12210350706,1.71589992481
117.0,-0.264653874354,0.37820619116,0.113552316806,-2.41345915001,4.12598386085,1.71252471084
118.0,-0.264311572124,0.377869363815,0.113557791691,-2.38895571613,4.12013223528,1.73117651915
119.0,-0.26366859864,0.377673158714,0.114004560074,-2.3959557881,4.11274952871,1.71679374061
120.0,-0.262997718072,0.377350717646,0.114352999575,-2.38891283573,4.11224023291,1.72332739718
