# Time, lr2_cd, lr5_cd, lr9_cd, lr2_cr, lr5_cr, lr9_cr
# Cloud: number of gas particles: 50000, total mass: 99999 MSun, virial radius: 10 pc;
# Cluster: number of stars: 10000, total mass: 50000 MSun, virial radius: 3 pc;
# Initial position of cluster: [-200, -200, 0] parsec; Initial velocity of cluster: [3, 3, 0] kms.
0.0,4.24760911602,7.62939198161,21.7137566452,1.28878346114,2.33411426343,6.35303788926
1.0,4.28567310279,7.73106884418,21.7039021203,1.3766518642,2.46614664622,6.35937482164
2.0,4.28937831777,7.81374089846,21.7506381799,1.35529636829,2.41534167099,6.68616363162
3.0,4.26722341688,7.82278314699,21.8649114473,1.3213137221,2.38548944641,6.49134712598
4.0,4.26150941882,7.7893002594,22.0964088999,1.33951441148,2.39466757591,6.50686191356
5.0,4.24350847501,7.75841358484,22.3787950613,1.32376318405,2.3753200401,6.61799169851
6.0,4.2280889846,7.72291754394,22.7555934019,1.30862598554,2.37193877903,6.44725009783
7.0,4.21563707032,7.7012081335,23.0390192766,1.28362832662,2.35680456643,6.36147996528
8.0,4.21326996886,7.6952080851,23.0595145726,1.29616927536,2.35171075309,6.56449572888
9.0,4.21690896017,7.69941209503,22.7956956497,1.28649174303,2.35911894796,6.53412267739
10.0,4.21732414049,7.70550755675,22.4820548423,1.26995817483,2.29395138505,6.46287508023
11.0,4.21530155501,7.70036277453,22.2913961958,1.27121840504,2.3298707002,6.56447087441
12.0,4.21274619,7.69347517624,22.2076059587,1.28765309624,2.29729165527,6.4784031097
13.0,4.21316241458,7.68493155118,22.2084533837,1.27704489701,2.31053533508,6.4856695143
14.0,4.21093375294,7.68223067866,22.2070978838,1.25084936595,2.28926576867,6.49904184815
15.0,4.20667080891,7.68003324711,22.1853865379,1.26196869038,2.29275965746,6.59183981209
16.0,4.208758389,7.68087819994,22.1750788906,1.23951996781,2.27205041708,6.61700907156
17.0,4.2112667152,7.68717690197,22.1863530802,1.24325535853,2.26890037761,6.57752090827
18.0,4.21452238299,7.69245277786,22.1981247732,1.23291010168,2.26415520664,6.47344299804
19.0,4.21597676744,7.69648575441,22.2099245283,1.21705057836,2.2741834192,6.64524290231
20.0,4.21695095132,7.69560865179,22.2171245816,1.21992699125,2.25601980644,6.51708943105
21.0,4.21543501638,7.69446752644,22.197466449,1.2091624499,2.25724738961,6.49631042704
22.0,4.21003898848,7.68716325043,22.1464307837,1.19254245833,2.25555581687,6.5265521033
23.0,4.20850072201,7.67911561721,22.1217729645,1.16739342829,2.23132073628,6.57001476053
24.0,4.2079064108,7.67541366146,22.0919924204,1.19442457705,2.24037354162,6.62533394048
25.0,4.20594234033,7.67370168503,22.0716389802,1.18845814432,2.26934888339,6.6928648687
26.0,4.20590898482,7.68106150334,22.0567288849,1.17797887248,2.27534211369,6.58337559736
27.0,4.20450235784,7.68310688201,22.0502209072,1.17189577897,2.24464148144,6.54982914018
28.0,4.2071514188,7.68552822755,22.0256827493,1.17073340606,2.23903589407,6.57705520747
29.0,4.2050524057,7.68158615331,22.016204791,1.14861613501,2.21656455443,6.66658586183
30.0,4.20654953431,7.68217050159,22.0160999334,1.14442215282,2.25931432473,6.65025532219
31.0,4.20661500027,7.68233451962,22.0348290803,1.16242353443,2.22635763479,6.77609343517
32.0,4.20738730091,7.68593748063,22.0298224256,1.15356808798,2.23396648314,6.72846419287
33.0,4.20849254319,7.68594734166,22.034401426,1.14860120716,2.25060816287,6.57803883522
34.0,4.20792727729,7.6861788993,22.0424357663,1.16568634878,2.25046974487,6.59700941963
35.0,4.20723000097,7.68525709768,22.0768066898,1.14692337329,2.26029365928,6.8354049295
36.0,4.20667778785,7.68616773244,22.094839873,1.13534993542,2.23927580428,6.76559445331
37.0,4.20419964729,7.68498786813,22.0892758024,1.14788921291,2.25569077045,6.67256868471
38.0,4.20606174618,7.6839092978,22.0954954276,1.14679890078,2.26414626142,6.69295474177
39.0,4.20661009592,7.68303021151,22.1081048713,1.15113446936,2.2815618344,6.71331390442
40.0,4.20627216655,7.68504789363,22.0955814115,1.11205154922,2.24908350174,6.80279828641
41.0,4.20638002089,7.68729626922,22.093053553,1.14457822094,2.27792278373,6.79842425383
42.0,4.20644872215,7.68729652401,22.0982109464,1.1247060874,2.23090213144,6.79249306057
43.0,4.20789727093,7.68750607518,22.0807545503,1.12947936197,2.27488365948,6.88723400793
44.0,4.20887312007,7.68820674131,22.0840748679,1.14358237387,2.2754462396,6.90154791334
45.0,4.20903123013,7.68678919278,22.0892878541,1.12700026408,2.2797123422,6.73304838218
46.0,4.20795192024,7.68758816595,22.0868832476,1.13813304672,2.2702322025,6.69330811547
47.0,4.20762004074,7.6868818523,22.0872593064,1.15259079049,2.28819889218,6.69989678212
48.0,4.20955523267,7.68700195103,22.0761654559,1.14130892332,2.28107663068,6.9411852504
49.0,4.21005276937,7.68644892867,22.082486321,1.13390430647,2.29685742717,6.99960394268
50.0,4.21000964179,7.68848991798,22.0774029764,1.13927139869,2.31288230716,6.98291663432
51.0,4.20801414695,7.69202455908,22.0882942374,1.13645120581,2.2932236324,6.90221794812
52.0,4.20605634166,7.69567517989,22.1343474834,1.13675125396,2.27895740935,6.88716848724
53.0,4.20609728461,7.69667586378,21.8949943786,1.15075354208,2.26796534255,6.94154474217
54.0,3.62011896744,7.35003261148,21.9875063006,1.03096763529,1.99530164541,6.15829225397
55.0,3.33604653916,7.13904450501,21.9488510652,0.979060186819,1.92125956399,5.91225252314
56.0,3.16173338365,6.96897829666,21.9240485066,0.971118775524,1.83539389768,5.66291599366
57.0,3.02812638365,6.79628671855,21.8599328311,0.981702440375,1.8329082542,5.36384148392
58.0,8.72540428285,18.2330032971,37.2398905555,1.04843134002,2.16504131163,14.9720878184
59.0,8.20419403908,20.2666514014,44.6293419066,1.05966675334,2.1861872499,16.5636012271
60.0,7.28441742132,21.4004040812,51.5665164649,1.07372170693,2.20383017591,17.3133283861
61.0,6.56218596268,21.7554166227,57.9284429446,1.06211091799,2.19286974809,17.1400399827
62.0,6.3773011521,21.5473343028,64.1733766878,1.0479642528,2.16163560012,15.9068615089
63.0,6.55889524481,20.9262766232,70.3989258681,1.05595418173,2.18085560519,14.021587451
64.0,6.64408061385,20.1858028699,76.3451527653,1.04630580653,2.18527884664,13.6350174406
65.0,6.66776903782,19.5802147462,82.1785228886,1.04975603983,2.17723677953,13.577094955
66.0,6.62095100232,19.368356836,88.0792177704,1.04119695091,2.21574490361,13.7588295147
67.0,6.6464196761,18.8670827842,93.9631762847,1.02712767029,2.15909174124,14.3287130124
68.0,6.65787905179,18.5308610994,99.8362151886,1.02200091046,2.13857537853,14.5409044981
69.0,6.69884493757,18.301445029,105.610276199,1.01803087095,2.17946070617,14.2864383673
70.0,6.74152594546,18.0500970476,111.457916729,1.00580979244,2.12834010329,13.8539789517
71.0,6.72498088733,17.9600897634,117.284818209,1.01779905531,2.16173458293,13.9984578804
72.0,6.75548254935,17.960373943,123.138304453,1.00658410904,2.19101103647,14.0552974734
73.0,6.75794937428,17.822452147,129.021572996,1.0014050573,2.14325549776,13.7885526374
74.0,6.7243626804,17.7451948928,134.718276773,0.975780012908,2.14233557173,13.892855876
75.0,6.68265535959,17.6892818797,140.383390256,1.00204104574,2.14551296804,13.647761947
76.0,6.68632668926,17.6222917938,146.039898087,0.996026082137,2.15411779261,13.6036443189
77.0,6.66456653908,17.5407094207,151.681539512,0.997238740128,2.16642994893,13.7278971987
78.0,6.67275346555,17.5239239313,157.278131745,0.988161502492,2.17458034487,14.0380360673
79.0,6.65580078583,17.5156399313,162.892724355,0.97355263515,2.13775896336,14.3840673538
80.0,6.61152592524,17.5809164023,168.433427485,0.973855759538,2.15921190674,14.2249379132
81.0,6.6156418015,17.6097112551,173.977006949,0.980862800955,2.18802876544,13.8531958826
82.0,6.63477442873,17.6080021211,179.451262144,0.976199624177,2.20447049057,14.1377698835
83.0,6.62281706483,17.6315778024,185.011219471,0.984749224007,2.15805534336,14.3113238606
84.0,6.60405423092,17.6815449027,190.678210361,0.973844664814,2.19240644831,14.1018067017
85.0,6.61569636556,17.6985847891,196.313750459,0.979571092015,2.17592806961,14.3207674036
86.0,6.62619324898,17.6933050848,201.9174856,0.96677569405,2.19054778008,13.8954721732
87.0,6.60727166235,17.6829621572,207.437740663,0.960287777327,2.19104994721,13.7446944904
88.0,6.61999337827,17.6843000008,212.944664673,0.970319391786,2.18688770047,13.6902718383
89.0,6.61867478583,17.7227963361,218.50285152,0.977811873547,2.21451390396,13.523940518
90.0,6.63292901327,17.6670016595,223.986918846,0.978370843511,2.20274468288,13.6796767588
91.0,6.60898603268,17.6661063711,229.431692925,0.969688263966,2.2125582677,13.565852666
92.0,6.63000622702,17.6471963454,234.929757772,0.968935434114,2.21353687899,14.1461624592
93.0,6.63775975406,17.6628716617,240.20052408,0.966392100599,2.21915686601,14.3894028221
94.0,6.63667666951,17.6581471944,245.663245957,0.961993097222,2.23542701884,14.5827711604
95.0,6.65413110873,17.6993875971,251.16002744,0.966464751953,2.20824165704,14.3937774765
96.0,6.6378637786,17.7229365186,256.526227731,0.962312333789,2.25691346141,14.6053768156
97.0,6.65109456131,17.7170846932,261.927573703,0.958231059611,2.22587110965,14.3015852712
98.0,6.6547664236,17.7165882534,267.366650492,0.976318722462,2.22669083987,14.2390340463
99.0,6.65994704388,17.6510853269,272.757721249,0.96801747721,2.23663496695,14.4142398236
100.0,6.6422922211,17.6315187795,278.153006382,0.966134458703,2.28897397201,14.2461147187
101.0,6.6570514343,17.5989992884,283.612986047,0.987519708252,2.2897808524,14.3185888837
102.0,6.66661127325,17.6150991315,289.076572133,0.960386708281,2.24908939514,14.1789903104
103.0,6.63929152892,17.6035279247,294.490725812,0.965837185654,2.28729724955,14.5410329782
104.0,6.66142135954,17.6114044915,299.92200233,0.936866417999,2.26977327386,14.6663893268
105.0,6.66456064182,17.6457323121,305.202964519,0.95487253655,2.27382314093,14.8078343703
106.0,6.6678360123,17.5962918813,310.435356,0.960718129336,2.29240666095,14.5547138973
107.0,6.67422840957,17.6379174732,315.747984191,0.952799981445,2.34097062345,14.1715472538
108.0,6.67659486995,17.6833258919,321.045614181,0.95197069638,2.29750623278,14.2306829732
109.0,6.66023826862,17.715005068,326.299923553,0.971105125477,2.31123225593,14.1772651217
110.0,6.67993790217,17.7505753294,331.493301715,0.975902785296,2.36606797731,14.3834623145
111.0,6.70092799077,17.7150378529,336.871529141,0.97294911967,2.27262775173,14.5050549054
112.0,6.67815500927,17.6977789495,342.279257522,0.959558620054,2.33516287862,14.8183520737
113.0,6.68194872351,17.7123982977,347.539318401,0.973231202839,2.37332417603,14.7989262222
114.0,6.70033951243,17.7357919284,352.901710003,0.957245839974,2.34202636457,14.8965904586
115.0,6.68948253191,17.7202300927,358.193728934,0.94378463965,2.32497433326,14.4974476172
116.0,6.67305939236,17.7498236713,363.483256881,0.972797697395,2.37615753896,13.8868489383
117.0,6.70040643165,17.743766914,368.910064293,0.975459525669,2.35801403768,14.4520764737
118.0,6.70217014279,17.6909269084,374.34570967,0.948663860302,2.37148309607,14.6883067184
119.0,6.70181070823,17.6897253365,379.628156148,0.964873442435,2.36192686671,14.8927869979
120.0,6.70323104258,17.7055637246,384.973420104,0.967827810528,2.38112418126,14.997774632
