# Time, Ek_cd, Ep_cd, Etot_cd; Ek_cr, Ep_cr, Etot_cr
# Cloud: number of gas particles: 50000, total mass: 99999 MSun, virial radius: 10 pc;
# Cluster: number of stars: 10000, total mass: 20000 MSun, virial radius: 3 pc;
# Initial position of cluster: [-200, -200, 0] parsec; Initial velocity of cluster: [3.8284, 1.8284, 0.0] kms.
0.0,-0.0,1.0,1.0,8.78381105422,-7.78381105422,1.0
1.0,-0.00670160693433,0.991853435234,0.985151828299,8.43077770637,-7.39361300828,1.03716469808
2.0,-0.00447058633756,0.984405162467,0.979934576129,8.46362779707,-7.41141195499,1.05221584208
3.0,-0.00326903416522,0.981939896279,0.978670862114,8.45210036792,-7.3773370936,1.07476327432
4.0,-0.00238087363416,0.982035653995,0.979654780361,8.50939166625,-7.42103571292,1.08835595333
5.0,-0.00175764824,0.984511776215,0.982754127975,8.50770748811,-7.40272885682,1.10497863129
6.0,-0.00142577468205,0.987951815461,0.986526040779,8.497872455,-7.3701410139,1.1277314411
7.0,-0.00122528795413,0.990582056891,0.989356768937,8.54386472483,-7.39739154091,1.14647318392
8.0,-0.00105064723073,0.991696469381,0.990645822151,8.5379185355,-7.37049580917,1.16742272632
9.0,-0.000901520724778,0.992019923984,0.991118403259,8.51765286454,-7.32970559926,1.18794726528
10.0,-0.000781471798679,0.992391521233,0.991610049435,8.59124278284,-7.38880417334,1.2024386095
11.0,-0.000693807826575,0.993124656171,0.992430848345,8.60309745666,-7.37693624795,1.22616120872
12.0,-0.000625633423767,0.994169802254,0.99354416883,8.59679273675,-7.34148788657,1.25530485017
13.0,-0.00056294718518,0.995141303863,0.994578356678,8.60509320377,-7.328215445,1.27687775877
14.0,-0.000506023940903,0.995770710094,0.995264686153,8.63505044708,-7.33634228081,1.29870816627
15.0,-0.000465088685447,0.996095143109,0.995630054423,8.62371107071,-7.30345798647,1.32025308424
16.0,-0.000433679948727,0.996103795968,0.99567011602,8.68922112178,-7.34447456916,1.34474655262
17.0,-0.00040186051136,0.995899850002,0.995497989491,8.64981831301,-7.27441208291,1.3754062301
18.0,-0.000372067587235,0.995725175796,0.995353108209,8.69563945771,-7.2947161205,1.40092333721
19.0,-0.000347871895875,0.995660751464,0.995312879568,8.75883606306,-7.33527507973,1.42356098332
20.0,-0.000329025413278,0.995796413061,0.995467387648,8.76675823115,-7.31933385388,1.44742437726
21.0,-0.000313987276479,0.996031766759,0.995717779483,8.69439083535,-7.21215070483,1.48224013052
22.0,-0.000300991259035,0.996210794158,0.995909802899,8.78349704713,-7.26768566954,1.5158113776
23.0,-0.00028948697978,0.996314093334,0.996024606355,8.84107340258,-7.29437642896,1.54669697362
24.0,-0.000280045324765,0.996380606206,0.996100560881,8.82067003321,-7.24289031513,1.57777971808
25.0,-0.000273152077506,0.99644565092,0.996172498843,8.7843454173,-7.17102948031,1.61331593699
26.0,-0.000268731961831,0.996570514427,0.996301782465,8.90136065174,-7.25908084342,1.64227980832
27.0,-0.00026590016942,0.996753941527,0.996488041358,8.90361128692,-7.22455225622,1.6790590307
28.0,-0.000264068082713,0.996914015876,0.996649947793,8.90221233461,-7.18808092432,1.71413141029
29.0,-0.000263831065716,0.996957515746,0.99669368468,8.92372542272,-7.17236945518,1.75135596754
30.0,-0.000265067209195,0.996887329699,0.99662226249,9.03646938397,-7.25731616502,1.77915321895
31.0,-0.000267463345161,0.996779203036,0.996511739691,8.9810542305,-7.15796352248,1.82309070802
32.0,-0.000270808320039,0.996703370559,0.996432562239,9.02725628416,-7.15900201277,1.86825427139
33.0,-0.00027584118212,0.996685557731,0.996409716549,9.12067899047,-7.20924159979,1.91143739068
34.0,-0.000283476334177,0.996740285894,0.99645680956,9.11149427105,-7.15554998811,1.95594428294
35.0,-0.000293715382201,0.996842670394,0.996548955012,9.15077892092,-7.14831942562,2.0024594953
36.0,-0.000305975420888,0.996944948574,0.996638973153,9.3144259074,-7.26631812145,2.04810778595
37.0,-0.000320029528562,0.996978703375,0.996658673846,9.20781944649,-7.10361130931,2.10420813718
38.0,-0.000335755977076,0.996967584813,0.996631828836,9.29378831223,-7.14208225417,2.15170605807
39.0,-0.000353664645457,0.996933060017,0.996579395372,9.28582545208,-7.08595999531,2.19986545677
40.0,-0.000374519038914,0.996911550881,0.996537031842,9.35382327313,-7.09748407167,2.25633920147
41.0,-0.000398593173391,0.99690424745,0.996505654277,9.46228988388,-7.14351673018,2.3187731537
42.0,-0.000426165764709,0.996903843431,0.996477677666,9.45178163242,-7.06541216736,2.38636946506
43.0,-0.000457563543278,0.996947784702,0.996490221159,9.58480481738,-7.13518802535,2.44961679203
44.0,-0.000492440968505,0.997026045152,0.996533604184,9.62544809887,-7.11280246505,2.51264563382
45.0,-0.000532098311239,0.997137141737,0.996605043426,9.61932059476,-7.03421105171,2.58510954305
46.0,-0.000577200576864,0.997202518996,0.99662531842,9.8240793471,-7.17386439726,2.65021494983
47.0,-0.0006277294509,0.997197241332,0.996569511881,9.80316688672,-7.08100352764,2.72216335908
48.0,-0.000685167569618,0.99717483381,0.99648966624,9.78232367334,-6.98564781071,2.79667586263
49.0,-0.00074934028335,0.997153275513,0.99640393523,9.93839825901,-7.0753967608,2.8630014982
50.0,-0.000821712419993,0.997114981665,0.996293269245,9.95558594993,-7.01101623719,2.94456971274
51.0,-0.000903451346104,0.997079146829,0.996175695483,10.0713196354,-7.05648483875,3.01483479664
52.0,-0.000994778787395,0.997053888605,0.996059109818,10.2300576613,-7.14717311977,3.08288454158
53.0,-0.00109471775183,0.996992689586,0.995897971834,10.147178941,-6.9927024971,3.15447644391
54.0,-0.0012031277407,0.996922596348,0.995719468607,10.1843251447,-6.97047328003,3.21385186471
55.0,-0.00132022133478,0.996935410477,0.995615189142,10.2892983897,-7.01519807852,3.27410031113
56.0,-0.00144760632917,0.996973727968,0.995526121639,10.3912740292,-7.061228335,3.33004569421
57.0,-0.00158227549691,0.997023312199,0.995441036702,10.3778271911,-6.99997981812,3.37784737296
58.0,-0.00172508399266,0.997066648076,0.995341564083,10.395631839,-6.98360162851,3.41203021047
59.0,-0.00187515646559,0.99710873495,0.995233578484,10.3888642182,-6.94903532793,3.43982889026
60.0,-0.00203017699923,0.997153834418,0.995123657419,10.4285001732,-6.97542922229,3.45307095089
61.0,-0.00218854598318,0.997191433272,0.995002887289,10.4292725555,-6.96840898116,3.4608635743
62.0,-0.00234715026538,0.99717937337,0.994832223105,10.4469525002,-6.99595366106,3.45099883913
63.0,-0.00250444518515,0.997143029949,0.994638584763,10.414925445,-6.98615623786,3.42876920717
64.0,-0.00266048249778,0.997120395267,0.994459912769,10.3301815086,-6.93753997827,3.39264153029
65.0,-0.0028141691496,0.997106494985,0.994292325835,10.3042573324,-6.96111483565,3.34314249673
66.0,-0.00296096575727,0.997078993071,0.994118027314,10.185025581,-6.89690429151,3.28812128954
67.0,-0.0031004087435,0.997068771819,0.993968363076,10.1594582606,-6.93390167553,3.22555658506
68.0,-0.00323332815686,0.997090613153,0.993857284996,10.0944839926,-6.93466703448,3.15981695811
69.0,-0.00336080686407,0.997098798671,0.993737991807,10.0131774235,-6.92491427939,3.08826314416
70.0,-0.00348043884567,0.997058559586,0.99357812074,9.88041125358,-6.86355677566,3.01685447792
71.0,-0.00359093220931,0.997017365231,0.993426433022,9.87150842285,-6.93097294767,2.94053547518
72.0,-0.00369232136898,0.996960851435,0.993268530066,9.79723966445,-6.93219149703,2.86504816741
73.0,-0.00378742391528,0.996880428442,0.993093004526,9.68641252946,-6.89184111914,2.79457141032
74.0,-0.00388173365074,0.996795401162,0.992913667511,9.61175691457,-6.89262167896,2.7191352356
75.0,-0.00397037566494,0.996733127665,0.992762752,9.55650316003,-6.91647773925,2.64002542078
76.0,-0.00405721131115,0.996696568273,0.992639356962,9.43348023257,-6.86412975386,2.56935047872
77.0,-0.00414565106107,0.996653910802,0.992508259741,9.36286706448,-6.86230999059,2.50055707389
78.0,-0.00424016191424,0.996508358357,0.992268196443,9.3035735855,-6.8663494285,2.43722415701
79.0,-0.00434347015335,0.996255714272,0.991912244118,9.28113658767,-6.91397927173,2.36715731594
80.0,-0.00445107870288,0.996010355462,0.991559276759,9.15936788722,-6.84988825072,2.3094796365
81.0,-0.00455990373312,0.995845620807,0.991285717074,9.11378309491,-6.86106074166,2.25272235325
82.0,-0.00467421659321,0.995822126123,0.991147909529,9.05266883444,-6.86094742049,2.19172141396
83.0,-0.00478855208584,0.995905159679,0.991116607593,8.9668070711,-6.82750617218,2.13930089893
84.0,-0.00490378714538,0.996027195925,0.99112340878,8.9226467691,-6.83032901268,2.09231775642
85.0,-0.00501958856433,0.996157754035,0.991138165471,8.901444857,-6.86011547935,2.04132937765
86.0,-0.0051314735999,0.996273127315,0.991141653715,8.79947842885,-6.80233447152,1.99714395733
87.0,-0.00524436099316,0.996344947885,0.991100586892,8.77551751033,-6.82203249136,1.95348501897
88.0,-0.00535372333697,0.996400667161,0.991046943824,8.69597123105,-6.78303530807,1.91293592298
89.0,-0.00545856514845,0.996472573661,0.991014008513,8.72312757027,-6.85392776222,1.86919980805
90.0,-0.00555728323715,0.99654622105,0.990988937813,8.67662863205,-6.8409404254,1.83568820664
91.0,-0.00565059895034,0.996596886071,0.99094628712,8.54490978725,-6.73944991745,1.80545986979
92.0,-0.00573662170121,0.9966734945,0.990936872798,8.55594667697,-6.78602583506,1.76992084191
93.0,-0.00581639024769,0.996725022765,0.990908632517,8.5061314322,-6.76964095448,1.73649047773
94.0,-0.0058895638795,0.996771241233,0.990881677353,8.45007736037,-6.74393339998,1.70614396039
95.0,-0.00595948159811,0.996830899542,0.990871417944,8.43081794627,-6.75299741239,1.67782053388
96.0,-0.00602223706726,0.996888964321,0.990866727254,8.43859526516,-6.79560169462,1.64299357055
97.0,-0.00608265197606,0.996902294646,0.99081964267,8.39351042595,-6.77791368722,1.61559673872
98.0,-0.00614164690644,0.996918211101,0.990776564195,8.33451170845,-6.7433400376,1.59117167085
99.0,-0.0061958964677,0.996902502063,0.990706605596,8.31163419146,-6.7457734391,1.56586075236
100.0,-0.00624039226455,0.996912296921,0.990671904657,8.31541468494,-6.76847900851,1.54693567643
