# Time, lr2_cd, lr5_cd, lr9_cd, lr2_cr, lr5_cr, lr9_cr
# Cloud: number of gas particles: 100000, total mass: 199999 MSun, virial radius: 50 pc;
# Cluster: number of stars: 5000, total mass: 10000 MSun, virial radius: 3 pc;
# Initial position of cluster: [-200, -200, 0] parsec; Initial velocity of cluster: [3, 3, 0] kms.
0.0,29.2461674371,39.6707332741,48.2727610721,1.28902608746,2.35213839746,6.32571296723
1.0,29.0963491485,39.4852412494,48.8159298211,1.38096008347,2.34018386953,6.13869169184
2.0,28.665241703,39.0578684207,50.8314936724,1.39759437096,2.51654049983,6.26343608393
3.0,28.0403192306,38.7386398363,53.5984346388,1.4764904671,2.59925769162,6.29144227513
4.0,27.3391984211,38.6592281907,56.6913909225,1.44476751155,2.59483330433,6.38098973741
5.0,26.7265206594,38.8777585762,59.9956757723,1.31180164685,2.36525488865,6.4741181341
6.0,26.2247390734,39.365857235,63.4995388712,1.36586600941,2.38098713328,6.57771892914
7.0,25.9261485598,40.0949023869,67.1027605221,1.43512778,2.53911133468,6.43274927272
8.0,25.9239669141,41.063927717,70.7573998708,1.44440851835,2.46924945593,6.36868873522
9.0,26.2040537015,42.2373737334,74.4505191241,1.38453462491,2.51359910273,6.49495689243
10.0,26.7211205754,43.5180829413,78.1720696774,1.41557962718,2.52618622439,6.57703543739
11.0,27.5429280002,44.8933235909,81.8523650428,1.40275221073,2.38954504542,6.656294338
12.0,28.5928511981,46.3780743404,85.5467650553,1.34253066141,2.40696289538,6.47810877923
13.0,29.8765668737,47.9719593634,89.2430016163,1.49399708852,2.5198951936,6.34042539885
14.0,31.2679196069,49.6035723981,92.9205809003,1.33676781262,2.52867982222,6.07352161607
15.0,32.835660867,51.3297316216,96.6538999106,1.38931049801,2.51623081369,6.09116233255
16.0,34.4400566185,53.1381198245,100.323104763,1.41178566282,2.41587961228,6.14471690938
17.0,36.054860567,55.0370025695,103.961605729,1.38270186733,2.42736815574,6.60491848127
18.0,37.6812672892,56.9613382234,107.599505353,1.48536701849,2.55295423643,6.79587674452
19.0,39.2996912128,58.9397771191,111.249744613,1.36972073607,2.57053472877,6.84990667234
20.0,40.8618112442,60.9996290598,114.85993821,1.38851882618,2.49584144579,6.71435529167
21.0,42.428897245,63.0948700444,118.407716221,1.42002108848,2.60608760056,6.61822760068
22.0,43.9393442427,65.2801845944,121.936487926,1.40387537394,2.40267474662,6.62521352207
23.0,45.4470297777,67.4732362779,125.454245931,1.35016041807,2.45821661697,6.36968244931
24.0,46.9409446777,69.6557124502,128.959810136,1.47521065899,2.44619209591,6.2351543471
25.0,48.3365245046,71.8515513619,132.4745597,1.4125186254,2.46440488033,6.44457939612
26.0,49.7587558365,74.0412486651,136.014835403,1.38742252745,2.46835111081,6.57225962274
27.0,51.1316566067,76.2436170404,139.471780215,1.37532989953,2.52791382035,6.75694415218
28.0,52.4981585924,78.4027762289,142.877653025,1.40266287913,2.53483052167,6.91576226862
29.0,53.8501634833,80.5377088632,146.285969099,1.43259854457,2.49363780632,6.8787591055
30.0,55.1737798836,82.6747489102,149.643830079,1.34468082253,2.50011471356,6.65356735192
31.0,56.492177712,84.7725367305,153.077276589,1.42470705764,2.49858236292,6.45142284993
32.0,57.745410836,86.841770157,156.440212711,1.35193998814,2.46040213258,6.28240416504
33.0,59.0082175975,88.8835950035,159.828406354,1.36294073347,2.48431821426,6.38228335441
34.0,60.2259978149,90.9035579348,163.187568096,1.49204928584,2.53236444661,6.30296732069
35.0,61.4309691286,92.9065092747,166.600803249,1.40919840312,2.45756325445,6.55421191381
36.0,62.6449309203,94.8838766444,169.920536543,1.38100665891,2.47136947218,6.76953143409
37.0,63.8138550561,96.8173596668,173.229390422,1.42013749523,2.53440469716,6.76099818591
38.0,64.9674261441,98.7350658755,176.545887803,1.39424079558,2.53914123485,6.66646136983
39.0,66.0930166525,100.645756673,179.80726289,1.46314596903,2.46711434,6.53704587229
40.0,67.1971102276,102.57290872,183.123615396,1.37652558163,2.40929893617,6.38629410631
41.0,68.2678918839,104.457124381,186.38213342,1.44537276592,2.43374471597,6.44363714364
42.0,69.3384045298,106.327662444,189.695293218,1.46582329595,2.57739732051,6.44928311032
43.0,70.385117762,108.155045917,192.94655544,1.37870312987,2.44592391102,6.67822943699
44.0,71.4417528753,109.961480289,196.146088072,1.40087099166,2.45574337986,6.76438317546
45.0,72.4914145717,111.723893595,199.360983447,1.35515667218,2.46331289992,6.73028614046
46.0,73.5077394473,113.494829495,202.617076655,1.41028269307,2.52408022344,6.82186148744
47.0,74.4840208483,115.214232249,205.849434374,1.44136293289,2.60015837298,6.68274793337
48.0,75.4493012372,116.928486604,209.114419566,1.44399367169,2.48671015303,6.6962598364
49.0,76.3960812392,118.62847395,212.242358833,1.36061672933,2.4015444475,6.77053325501
50.0,77.3280588101,120.286148485,215.427019764,1.44033417919,2.47295413355,6.59905111375
51.0,78.19173803,121.972146884,218.613159799,1.36893284119,2.53324652373,6.56753339777
52.0,79.0456569528,123.596084942,221.745287745,1.34839559566,2.48861514564,6.55519649453
53.0,79.9189633046,125.228173846,224.886270735,1.41843889468,2.45135917589,6.78020506111
54.0,80.76011839,126.838807633,227.988601226,1.3798054782,2.50148645437,6.72862668546
55.0,81.5818827247,128.412614637,231.125128709,1.3927450806,2.50719997335,6.67463635447
56.0,82.3798911263,129.966482187,234.239829037,1.38768342303,2.54391212322,6.66632574608
57.0,83.1622893206,131.499749078,237.330930295,1.42987715101,2.46426399934,6.51342201173
58.0,83.9393287444,133.040909006,240.474744658,1.36641960766,2.47667795342,6.57762324363
59.0,84.6620833208,134.544566155,243.568428028,1.4554221977,2.56537170064,6.50068565219
60.0,85.3889039558,136.040228852,246.699038424,1.37009954853,2.56127530957,6.48834716479
61.0,86.0845115042,137.482323268,249.735030541,1.43810468763,2.43635983221,6.83678676389
62.0,86.7989060011,138.915117574,252.80446212,1.28629914502,2.51787651564,6.97800245337
63.0,87.4534314619,140.342838923,256.008556147,1.37497608099,2.52892868566,6.89862640638
64.0,88.0892525461,141.766243185,259.009872571,1.30328337691,2.50615221516,6.86545324574
65.0,88.6932004691,143.140860625,262.112026508,1.41959886118,2.49744427777,6.73073869191
66.0,89.3088238142,144.528086502,265.180785876,1.34557550986,2.59118184857,6.82862453675
67.0,89.9255012131,145.90352334,268.25050556,1.41029095437,2.518752365,6.84788056842
68.0,90.5101964495,147.245852499,271.348996377,1.34069725293,2.47333835259,6.72756450433
69.0,91.0959751205,148.573140647,274.405866369,1.39146335607,2.47126859759,6.76478421932
70.0,91.6397256504,149.930109335,277.47466528,1.35340728464,2.49806758303,6.75858116796
71.0,92.1758553158,151.255322176,280.524100409,1.38208869151,2.55209793386,6.70140414818
72.0,92.6934720426,152.557787193,283.499763231,1.35869300749,2.5178883198,6.91281872371
73.0,93.2023026674,153.824436272,286.519442751,1.41189657035,2.50450546465,6.93226230855
74.0,93.7066414428,155.086720085,289.611671813,1.39888467814,2.56499868794,6.81446684845
75.0,94.233928793,156.348734237,292.506897916,1.3735330117,2.48000851398,6.58215448886
76.0,94.6790402365,157.584629984,295.490413562,1.35139233012,2.45221125512,6.66498174373
77.0,95.1483253664,158.792841527,298.485774967,1.40198205951,2.46581313525,6.67324314964
78.0,95.6277517573,160.018892082,301.490937307,1.38290149468,2.57892285082,6.56449715152
79.0,96.0747596272,161.232976234,304.47851532,1.40474535507,2.47745793664,6.87665338874
80.0,96.4979642248,162.438656095,307.423463207,1.3433490655,2.46781719298,7.00452649515
81.0,96.9324732328,163.614727745,310.398485325,1.50463827321,2.52899074077,6.98663780143
82.0,97.34604942,164.764501302,313.44327527,1.34959211692,2.62726603111,7.06157805713
83.0,97.7510286675,165.935092133,316.456107312,1.45433433021,2.50230746416,6.95038872008
84.0,98.154030459,167.087014714,319.42581087,1.3372143185,2.46817367112,7.06830853158
85.0,98.5890106394,168.201048474,322.353477744,1.38406369027,2.47878352055,7.08987518956
86.0,98.9461151569,169.311904133,325.321972327,1.3323996611,2.56731201571,7.06571695519
87.0,99.322060834,170.454921621,328.314290054,1.368948029,2.55399575283,7.15094413761
88.0,99.7585918077,171.530538749,331.282027457,1.36225729355,2.55885836812,7.09521694939
89.0,100.14777226,172.616034062,334.198481651,1.3469377687,2.53987468213,6.98655107735
90.0,100.511278588,173.709272737,337.121330206,1.38386835022,2.51388810585,6.95861526451
91.0,100.897128898,174.774238223,340.096754936,1.36484350834,2.44383093891,6.80689098065
92.0,101.243520416,175.851636737,343.064258934,1.35040523482,2.48681408307,6.88836964312
93.0,101.586233925,176.897841658,345.959620066,1.42406780479,2.57365155834,6.84960251991
94.0,101.931636135,177.942334965,348.858288313,1.37803895392,2.55708908527,6.89328724701
95.0,102.262821725,178.964783587,351.7653348,1.33538410457,2.52180967488,7.1594245837
96.0,102.580007019,179.97151988,354.672467418,1.3521808071,2.61132780925,7.14816935967
97.0,102.933168791,181.001878126,357.564885149,1.35907761729,2.59286575787,7.26977690839
98.0,103.237601501,182.009819165,360.483156028,1.25477748849,2.48690367255,7.16296924102
99.0,103.580498579,183.002692041,363.396027373,1.36884947531,2.51597791088,7.15178462468
100.0,103.880617854,183.948658652,366.219282978,1.36179979117,2.58857091274,6.93383230559
